1 0 0.564279
2 0 0.01
3 0 0.415728
4 0 0.01
5 39 0.928126
6 39 0.0154688
7 39 0.01
8 39 0.0464063
9 68 0.01
10 68 0.873168
11 68 0.01
12 68 0.10684
13 104 0.245002
14 104 0.01
15 104 0.735006
16 104 0.01
17 78 0.477532
18 78 0.522468
19 41 0.25
20 41 0.25
21 41 0.25
22 41 0.25
23 40 0.25
24 40 0.25
25 40 0.25
26 40 0.25
27 59 0.25
28 59 0.25
29 59 0.25
30 59 0.25
31 104 0.25
32 104 0.25
33 104 0.25
34 104 0.25
35 56 0.75
36 56 0.25
37 41 0.25
38 41 0.25
39 41 0.25
40 41 0.25
41 40 0.25
42 40 0.25
43 40 0.25
44 40 0.25
45 59 0.25
46 59 0.25
47 59 0.25
48 59 0.25
49 104 0.25
50 104 0.25
51 104 0.25
52 104 0.25
53 56 0.75
54 56 0.25
55 41 0.25
56 41 0.25
57 41 0.25
58 41 0.25
59 40 0.25
60 40 0.25
61 40 0.25
62 40 0.25
63 59 0.25
64 59 0.25
65 59 0.25
66 59 0.25
67 104 0.25
68 104 0.25
69 104 0.25
70 104 0.25
71 56 0.75
72 56 0.25
73 41 0.954476
74 41 0.01
75 41 0.0255266
76 41 0.01
77 40 0.827821
78 40 0.01
79 40 0.01
80 40 0.152185
81 59 0.01
82 59 0.267424
83 59 0.01
84 59 0.712583
85 104 0.01
86 104 0.01
87 104 0.773983
88 104 0.206024
89 56 0.510808
90 56 0.489192
91 43 0.835052
92 43 0.164948
93 109 0.75
94 109 0.25
95 167 0.75
96 167 0.25
97 169 0.75
98 169 0.25
99 188 0.75
100 188 0.25
101 221 0.75
102 221 0.25
103 223 0.75
104 223 0.25
105 227 0.75
106 227 0.25
107 232 0.75
108 232 0.25
109 264 0.75
110 264 0.25
111 297 0.75
112 297 0.25
113 310 0.75
114 310 0.25
115 334 0.75
116 334 0.25
117 351 0.75
118 351 0.25
119 392 0.75
120 392 0.25
121 396 0.834081
122 396 0.165919
123 412 0.75
124 412 0.25
125 418 0.75
126 418 0.25
127 473 0.75
128 473 0.25
129 477 0.75
130 477 0.25
131 508 0.75
132 508 0.25
133 61 0.619048
134 61 0.380952
135 102 0.75
136 102 0.25
137 120 0.75
138 120 0.25
139 213 0.78125
140 213 0.21875
141 226 0.666667
142 226 0.333333
143 232 0.75
144 232 0.25
145 278 0.520833
146 278 0.479167
147 346 0.733333
148 346 0.266667
149 373 0.75
150 373 0.25
151 474 0.75
152 474 0.25
153 499 0.631579
154 499 0.368421
155 500 0.75
156 500 0.25
157 508 0.75
158 508 0.25
159 529 0.75
160 529 0.25
161 542 0.75
162 542 0.25
163 545 0.75
164 545 0.25
165 58 0.75
166 58 0.25
167 82 0.5625
168 82 0.4375
169 119 0.555556
170 119 0.444444
171 157 0.75
172 157 0.25
173 230 0.5
174 230 0.5
175 247 0.75
176 247 0.25
177 287 0.5
178 287 0.5
179 296 0.75
180 296 0.25
181 313 0.444444
182 313 0.555556
183 343 0.75
184 343 0.25
185 346 0.733333
186 346 0.266667
187 410 0.611111
188 410 0.388889
189 436 0.3
190 436 0.7
191 508 0.75
192 508 0.25
193 522 0.470588
194 522 0.529412
195 43 0.75
196 43 0.25
197 85 0.858824
198 85 0.141176
199 109 0.75
200 109 0.25
201 167 0.75
202 167 0.25
203 169 0.75
204 169 0.25
205 188 0.75
206 188 0.25
207 221 0.75
208 221 0.25
209 223 0.75
210 223 0.25
211 227 0.75
212 227 0.25
213 264 0.75
214 264 0.25
215 297 0.75
216 297 0.25
217 304 0.727848
218 304 0.272152
219 310 0.75
220 310 0.25
221 334 0.75
222 334 0.25
223 396 0.75
224 396 0.25
225 412 0.75
226 412 0.25
227 418 0.75
228 418 0.25
229 473 0.75
230 473 0.25
231 477 0.75
232 477 0.25
233 61 0.75
234 61 0.25
235 102 0.810345
236 102 0.189655
237 120 0.75
238 120 0.25
239 213 0.75
240 213 0.25
241 226 0.75
242 226 0.25
243 232 0.75
244 232 0.25
245 278 0.75
246 278 0.25
247 346 0.75
248 346 0.25
249 373 0.75
250 373 0.25
251 474 0.75
252 474 0.25
253 499 0.75
254 499 0.25
255 500 0.75
256 500 0.25
257 508 0.75
258 508 0.25
259 529 0.75
260 529 0.25
261 542 0.75
262 542 0.25
263 545 0.75
264 545 0.25
265 1 0.857513
266 1 0.142487
267 43 0.75
268 43 0.25
269 109 0.863436
270 109 0.136564
271 167 0.818965
272 167 0.181034
273 169 0.833333
274 169 0.166667
275 188 0.933333
276 188 0.0666667
277 221 0.666667
278 221 0.333333
279 223 0.857143
280 223 0.142857
281 227 0.808219
282 227 0.191781
283 232 0.01
284 232 0.990001
285 264 0.757979
286 264 0.242021
287 297 0.836735
288 297 0.163265
289 310 0.829457
290 310 0.170543
291 334 0.770833
292 334 0.229167
293 351 0.684211
294 351 0.315789
295 392 0.746032
296 392 0.253968
297 396 0.75
298 396 0.25
299 412 0.732919
300 412 0.267081
301 418 0.702439
302 418 0.297561
303 473 0.69697
304 473 0.30303
305 477 0.634812
306 477 0.365188
307 508 0.54
308 508 0.46
309 61 0.542553
310 61 0.457447
311 102 0.789474
312 102 0.210526
313 120 0.767857
314 120 0.232143
315 213 0.712644
316 213 0.287356
317 226 0.666667
318 226 0.333333
319 232 0.01
320 232 0.990001
321 278 0.549296
322 278 0.450704
323 346 0.762712
324 346 0.237288
325 373 0.736264
326 373 0.263736
327 474 0.601367
328 474 0.398633
329 499 0.710145
330 499 0.289855
331 500 0.698113
332 500 0.301887
333 508 0.351852
334 508 0.648148
335 529 0.571429
336 529 0.428571
337 542 0.778846
338 542 0.221154
339 545 0.563877
340 545 0.436123
341 58 0.404605
342 58 0.595395
343 82 0.639535
344 82 0.360465
345 119 0.513514
346 119 0.486486
347 157 0.192308
348 157 0.807692
349 230 0.584071
350 230 0.415929
351 247 0.578947
352 247 0.421053
353 287 0.425676
354 287 0.574324
355 296 0.63964
356 296 0.36036
357 313 0.440678
358 313 0.559322
359 343 0.628931
360 343 0.371069
361 346 0.15625
362 346 0.84375
363 410 0.502959
364 410 0.497041
365 436 0.409091
366 436 0.590909
367 508 0.0227273
368 508 0.977273
369 522 0.533333
370 522 0.466667
371 43 0.75
372 43 0.25
373 109 0.75
374 109 0.25
375 167 0.75
376 167 0.25
377 169 0.75
378 169 0.25
379 188 0.75
380 188 0.25
381 221 0.75
382 221 0.25
383 223 0.75
384 223 0.25
385 227 0.75
386 227 0.25
387 232 0.75
388 232 0.25
389 264 0.75
390 264 0.25
391 297 0.75
392 297 0.25
393 310 0.75
394 310 0.25
395 334 0.75
396 334 0.25
397 351 0.75
398 351 0.25
399 392 0.75
400 392 0.25
401 396 0.75
402 396 0.25
403 412 0.75
404 412 0.25
405 418 0.75
406 418 0.25
407 473 0.75
408 473 0.25
409 477 0.75
410 477 0.25
411 508 0.75
412 508 0.25
413 61 0.75
414 61 0.25
415 102 0.75
416 102 0.25
417 120 0.75
418 120 0.25
419 213 0.75
420 213 0.25
421 226 0.75
422 226 0.25
423 232 0.75
424 232 0.25
425 278 0.75
426 278 0.25
427 346 0.75
428 346 0.25
429 373 0.75
430 373 0.25
431 474 0.75
432 474 0.25
433 499 0.75
434 499 0.25
435 500 0.75
436 500 0.25
437 508 0.75
438 508 0.25
439 529 0.75
440 529 0.25
441 542 0.75
442 542 0.25
443 545 0.75
444 545 0.25
445 58 0.75
446 58 0.25
447 82 0.75
448 82 0.25
449 119 0.75
450 119 0.25
451 157 0.75
452 157 0.25
453 230 0.75
454 230 0.25
455 247 0.75
456 247 0.25
457 287 0.75
458 287 0.25
459 296 0.75
460 296 0.25
461 313 0.75
462 313 0.25
463 343 0.75
464 343 0.25
465 346 0.75
466 346 0.25
467 410 0.75
468 410 0.25
469 436 0.75
470 436 0.25
471 508 0.75
472 508 0.25
473 522 0.75
474 522 0.25
475 279 0.641026
476 279 0.358974
477 293 0.75
478 293 0.25
479 320 0.75
480 320 0.25
481 340 0.75
482 340 0.25
483 370 0.75
484 370 0.25
485 416 0.75
486 416 0.25
487 423 0.75
488 423 0.25
489 465 0.75
490 465 0.25
491 515 0.75
492 515 0.25
493 523 0.75
494 523 0.25
495 46 0.75
496 46 0.25
497 110 0.75
498 110 0.25
499 116 0.75
500 116 0.25
501 164 0.75
502 164 0.25
503 200 0.75
504 200 0.25
505 218 0.941176
506 218 0.0588235
507 239 0.9
508 239 0.1
509 242 0.75
510 242 0.25
511 243 0.75
512 243 0.25
513 244 0.75
514 244 0.25
515 266 0.75
516 266 0.25
517 275 0.75
518 275 0.25
519 302 0.75
520 302 0.25
521 341 0.944444
522 341 0.0555556
523 342 0.75
524 342 0.25
525 348 0.75
526 348 0.25
527 357 0.75
528 357 0.25
529 358 0.75
530 358 0.25
531 377 0.75
532 377 0.25
533 390 0.75
534 390 0.25
535 393 0.75
536 393 0.25
537 408 0.75
538 408 0.25
539 415 0.75
540 415 0.25
541 417 0.75
542 417 0.25
543 423 0.92
544 423 0.08
545 426 0.75
546 426 0.25
547 429 0.75
548 429 0.25
549 471 0.75
550 471 0.25
551 475 0.75
552 475 0.25
553 482 0.75
554 482 0.25
555 486 0.75
556 486 0.25
557 489 0.75
558 489 0.25
559 497 0.75
560 497 0.25
561 506 0.75
562 506 0.25
563 507 0.75
564 507 0.25
565 516 0.75
566 516 0.25
567 519 0.75
568 519 0.25
569 520 0.894737
570 520 0.105263
571 521 0.75
572 521 0.25
573 523 0.75
574 523 0.25
575 524 0.75
576 524 0.25
577 525 0.75
578 525 0.25
579 532 0.75
580 532 0.25
581 535 0.928571
582 535 0.0714286
583 541 0.75
584 541 0.25
585 543 0.75
586 543 0.25
587 49 0.777778
588 49 0.222222
589 138 0.75
590 138 0.25
591 195 0.75
592 195 0.25
593 217 0.875
594 217 0.125
595 220 0.75
596 220 0.25
597 225 0.897959
598 225 0.102041
599 350 0.75
600 350 0.25
601 354 0.75
602 354 0.25
603 360 0.885714
604 360 0.114286
605 453 0.75
606 453 0.25
607 533 0.75
608 533 0.25
609 279 0.75
610 279 0.25
611 293 0.75
612 293 0.25
613 320 0.4
614 320 0.6
615 340 0.75
616 340 0.25
617 370 0.853659
618 370 0.146341
619 416 0.8
620 416 0.2
621 423 0.75
622 423 0.25
623 465 0.75
624 465 0.25
625 515 0.8
626 515 0.2
627 523 0.75
628 523 0.25
629 46 0.75
630 46 0.25
631 110 0.75
632 110 0.25
633 116 0.75
634 116 0.25
635 164 0.75
636 164 0.25
637 200 0.75
638 200 0.25
639 218 0.75
640 218 0.25
641 239 0.75
642 239 0.25
643 242 0.75
644 242 0.25
645 243 0.75
646 243 0.25
647 244 0.75
648 244 0.25
649 266 0.75
650 266 0.25
651 275 0.75
652 275 0.25
653 302 0.75
654 302 0.25
655 341 0.75
656 341 0.25
657 357 0.75
658 357 0.25
659 358 0.75
660 358 0.25
661 377 0.75
662 377 0.25
663 390 0.75
664 390 0.25
665 393 0.75
666 393 0.25
667 408 0.75
668 408 0.25
669 415 0.75
670 415 0.25
671 417 0.75
672 417 0.25
673 423 0.75
674 423 0.25
675 426 0.866667
676 426 0.133333
677 429 0.818182
678 429 0.181818
679 471 0.75
680 471 0.25
681 475 0.75
682 475 0.25
683 482 0.75
684 482 0.25
685 486 0.75
686 486 0.25
687 489 0.75
688 489 0.25
689 497 0.75
690 497 0.25
691 506 0.75
692 506 0.25
693 507 0.75
694 507 0.25
695 516 0.933333
696 516 0.0666667
697 519 0.75
698 519 0.25
699 520 0.75
700 520 0.25
701 521 0.75
702 521 0.25
703 523 0.75
704 523 0.25
705 524 0.75
706 524 0.25
707 525 0.75
708 525 0.25
709 532 0.75
710 532 0.25
711 535 0.75
712 535 0.25
713 541 0.75
714 541 0.25
715 543 0.75
716 543 0.25
717 2 0.926966
718 2 0.0730337
719 49 0.75
720 49 0.25
721 138 0.75
722 138 0.25
723 195 0.75
724 195 0.25
725 217 0.75
726 217 0.25
727 220 0.75
728 220 0.25
729 350 0.75
730 350 0.25
731 354 0.75
732 354 0.25
733 360 0.75
734 360 0.25
735 533 0.75
736 533 0.25
737 279 0.75
738 279 0.25
739 293 0.831081
740 293 0.168919
741 320 0.72973
742 320 0.27027
743 340 0.787037
744 340 0.212963
745 370 0.83125
746 370 0.16875
747 416 0.684932
748 416 0.315068
749 423 0.769231
750 423 0.230769
751 465 0.832215
752 465 0.167785
753 515 0.804878
754 515 0.195122
755 523 0.941176
756 523 0.0588235
757 46 0.933333
758 46 0.0666667
759 110 0.928571
760 110 0.0714286
761 116 0.916667
762 116 0.0833333
763 164 0.941176
764 164 0.0588235
765 200 0.933333
766 200 0.0666667
767 218 0.928571
768 218 0.0714286
769 239 0.75
770 239 0.25
771 242 0.884615
772 242 0.115385
773 243 0.925926
774 243 0.0740741
775 244 0.909091
776 244 0.0909091
777 266 0.928571
778 266 0.0714286
779 275 0.903226
780 275 0.0967742
781 302 0.892473
782 302 0.107527
783 341 0.75
784 341 0.25
785 342 0.941176
786 342 0.0588235
787 348 0.882353
788 348 0.117647
789 357 0.935897
790 357 0.0641026
791 358 0.894737
792 358 0.105263
793 377 0.896552
794 377 0.103448
795 390 0.909091
796 390 0.0909091
797 393 0.893617
798 393 0.106383
799 408 0.935484
800 408 0.0645161
801 415 0.9375
802 415 0.0625
803 417 0.851852
804 417 0.148148
805 423 0.75
806 423 0.25
807 426 0.872727
808 426 0.127273
809 429 0.893805
810 429 0.106195
811 471 0.888889
812 471 0.111111
813 475 0.911765
814 475 0.0882353
815 482 0.88
816 482 0.12
817 486 0.904762
818 486 0.0952381
819 489 0.904192
820 489 0.0958084
821 497 0.882883
822 497 0.117117
823 506 0.933333
824 506 0.0666667
825 507 0.909091
826 507 0.0909091
827 516 0.853659
828 516 0.146341
829 519 0.878788
830 519 0.121212
831 520 0.890977
832 520 0.109023
833 521 0.897196
834 521 0.102804
835 523 0.75
836 523 0.25
837 524 0.921569
838 524 0.0784314
839 525 0.887097
840 525 0.112903
841 532 0.933333
842 532 0.0666667
843 535 0.866667
844 535 0.133333
845 541 0.928571
846 541 0.0714286
847 543 0.925926
848 543 0.0740741
849 49 0.864286
850 49 0.135714
851 138 0.807692
852 138 0.192308
853 195 0.847619
854 195 0.152381
855 217 0.85
856 217 0.15
857 220 0.85
858 220 0.15
859 225 0.75
860 225 0.25
861 350 0.74359
862 350 0.25641
863 354 0.867188
864 354 0.132812
865 360 0.873563
866 360 0.126437
867 453 0.849206
868 453 0.150794
869 533 0.733333
870 533 0.266667
871 279 0.75
872 279 0.25
873 293 0.75
874 293 0.25
875 320 0.75
876 320 0.25
877 340 0.75
878 340 0.25
879 370 0.75
880 370 0.25
881 416 0.75
882 416 0.25
883 423 0.75
884 423 0.25
885 465 0.75
886 465 0.25
887 515 0.75
888 515 0.25
889 523 0.75
890 523 0.25
891 46 0.75
892 46 0.25
893 110 0.75
894 110 0.25
895 116 0.75
896 116 0.25
897 164 0.75
898 164 0.25
899 200 0.75
900 200 0.25
901 218 0.75
902 218 0.25
903 239 0.75
904 239 0.25
905 242 0.75
906 242 0.25
907 243 0.75
908 243 0.25
909 244 0.75
910 244 0.25
911 266 0.75
912 266 0.25
913 275 0.75
914 275 0.25
915 302 0.75
916 302 0.25
917 341 0.75
918 341 0.25
919 342 0.75
920 342 0.25
921 348 0.75
922 348 0.25
923 357 0.75
924 357 0.25
925 358 0.75
926 358 0.25
927 377 0.75
928 377 0.25
929 390 0.75
930 390 0.25
931 393 0.75
932 393 0.25
933 408 0.75
934 408 0.25
935 415 0.75
936 415 0.25
937 417 0.75
938 417 0.25
939 423 0.75
940 423 0.25
941 426 0.75
942 426 0.25
943 429 0.75
944 429 0.25
945 471 0.75
946 471 0.25
947 475 0.75
948 475 0.25
949 482 0.75
950 482 0.25
951 486 0.75
952 486 0.25
953 489 0.75
954 489 0.25
955 497 0.75
956 497 0.25
957 506 0.75
958 506 0.25
959 507 0.75
960 507 0.25
961 516 0.75
962 516 0.25
963 519 0.75
964 519 0.25
965 520 0.75
966 520 0.25
967 521 0.75
968 521 0.25
969 523 0.75
970 523 0.25
971 524 0.75
972 524 0.25
973 525 0.75
974 525 0.25
975 532 0.75
976 532 0.25
977 535 0.75
978 535 0.25
979 541 0.75
980 541 0.25
981 543 0.75
982 543 0.25
983 49 0.75
984 49 0.25
985 138 0.75
986 138 0.25
987 195 0.75
988 195 0.25
989 217 0.75
990 217 0.25
991 220 0.75
992 220 0.25
993 225 0.75
994 225 0.25
995 350 0.75
996 350 0.25
997 354 0.75
998 354 0.25
999 360 0.75
1000 360 0.25
1001 453 0.75
1002 453 0.25
1003 533 0.75
1004 533 0.25
1005 3 0.75
1006 3 0.25
1007 251 0.92
1008 251 0.08
1009 281 0.75
1010 281 0.25
1011 419 0.75
1012 419 0.25
1013 548 0.75
1014 548 0.25
1015 62 0.75
1016 62 0.25
1017 551 0.777778
1018 551 0.222222
1019 562 0.75
1020 562 0.25
1021 52 0.75
1022 52 0.25
1023 209 0.75
1024 209 0.25
1025 421 0.75
1026 421 0.25
1027 530 0.75
1028 530 0.25
1029 551 0.9
1030 551 0.1
1031 3 0.794872
1032 3 0.205128
1033 251 0.882353
1034 251 0.117647
1035 281 0.794872
1036 281 0.205128
1037 419 0.855422
1038 419 0.144578
1039 548 0.859712
1040 548 0.140288
1041 62 0.877551
1042 62 0.122449
1043 551 0.851852
1044 551 0.148148
1045 562 0.877193
1046 562 0.122807
1047 52 0.75
1048 52 0.25
1049 209 0.906475
1050 209 0.0935252
1051 421 0.907738
1052 421 0.0922619
1053 530 0.939394
1054 530 0.0606061
1055 551 0.75
1056 551 0.25
1057 3 0.814815
1058 3 0.185185
1059 251 0.84
1060 251 0.16
1061 281 0.75
1062 281 0.25
1063 419 0.775
1064 419 0.225
1065 548 0.811111
1066 548 0.188889
1067 62 0.75
1068 62 0.25
1069 551 0.806691
1070 551 0.193309
1071 562 0.75
1072 562 0.25
1073 52 0.857143
1074 52 0.142857
1075 209 0.9
1076 209 0.1
1077 421 0.918182
1078 421 0.0818182
1079 530 0.734694
1080 530 0.265306
1081 551 0.01
1082 551 0.990001
1083 3 0.75
1084 3 0.25
1085 251 0.75
1086 251 0.25
1087 281 0.75
1088 281 0.25
1089 419 0.75
1090 419 0.25
1091 548 0.75
1092 548 0.25
1093 62 0.75
1094 62 0.25
1095 551 0.75
1096 551 0.25
1097 562 0.75
1098 562 0.25
1099 52 0.75
1100 52 0.25
1101 209 0.75
1102 209 0.25
1103 421 0.75
1104 421 0.25
1105 530 0.75
1106 530 0.25
1107 551 0.75
1108 551 0.25
1109 4 0.75
1110 4 0.25
1111 269 0.01
1112 269 0.990001
1113 86 0.794872
1114 86 0.205128
1115 269 0.75
1116 269 0.25
1117 400 0.75
1118 400 0.25
1119 107 0.714286
1120 107 0.285714
1121 376 0.666667
1122 376 0.333333
1123 4 0.75
1124 4 0.25
1125 269 0.75
1126 269 0.25
1127 86 0.75
1128 86 0.25
1129 269 0.75
1130 269 0.25
1131 400 0.75
1132 400 0.25
1133 107 0.75
1134 107 0.25
1135 376 0.75
1136 376 0.25
1137 4 0.855
1138 4 0.145
1139 269 0.368421
1140 269 0.631579
1141 86 0.75
1142 86 0.25
1143 269 0.843137
1144 269 0.156863
1145 400 0.697248
1146 400 0.302752
1147 107 0.701149
1148 107 0.298851
1149 376 0.680851
1150 376 0.319149
1151 4 0.75
1152 4 0.25
1153 269 0.75
1154 269 0.25
1155 86 0.75
1156 86 0.25
1157 269 0.75
1158 269 0.25
1159 400 0.75
1160 400 0.25
1161 107 0.75
1162 107 0.25
1163 376 0.75
1164 376 0.25
1165 5 0.75
1166 5 0.25
1167 111 0.75
1168 111 0.25
1169 5 0.75
1170 5 0.25
1171 178 0.75
1172 178 0.25
1173 434 0.75
1174 434 0.25
1175 5 0.75
1176 5 0.25
1177 189 0.75
1178 189 0.25
1179 256 0.75
1180 256 0.25
1181 5 0.75
1182 5 0.25
1183 111 0.9375
1184 111 0.0625
1185 5 0.75
1186 5 0.25
1187 178 0.75
1188 178 0.25
1189 434 0.833333
1190 434 0.166667
1191 5 0.75
1192 5 0.25
1193 189 0.75
1194 189 0.25
1195 256 0.75
1196 256 0.25
1197 5 0.538462
1198 5 0.461538
1199 111 0.9425
1200 111 0.0575
1201 5 0.01
1202 5 0.990001
1203 178 0.65
1204 178 0.35
1205 434 0.71875
1206 434 0.28125
1207 5 0.01
1208 5 0.990001
1209 189 0.517241
1210 189 0.482759
1211 256 0.55
1212 256 0.45
1213 5 0.75
1214 5 0.25
1215 111 0.75
1216 111 0.25
1217 5 0.75
1218 5 0.25
1219 178 0.75
1220 178 0.25
1221 434 0.75
1222 434 0.25
1223 5 0.75
1224 5 0.25
1225 189 0.75
1226 189 0.25
1227 256 0.75
1228 256 0.25
1229 6 0.75
1230 6 0.25
1231 118 0.75
1232 118 0.25
1233 347 0.75
1234 347 0.25
1235 406 0.75
1236 406 0.25
1237 69 0.75
1238 69 0.25
1239 191 0.75
1240 191 0.25
1241 250 0.333333
1242 250 0.666667
1243 57 0.75
1244 57 0.25
1245 129 0.75
1246 129 0.25
1247 212 0.75
1248 212 0.25
1249 483 0.75
1250 483 0.25
1251 493 0.8
1252 493 0.2
1253 6 0.75
1254 6 0.25
1255 118 0.75
1256 118 0.25
1257 347 0.75
1258 347 0.25
1259 406 0.75
1260 406 0.25
1261 69 0.75
1262 69 0.25
1263 191 0.75
1264 191 0.25
1265 250 0.75
1266 250 0.25
1267 57 0.75
1268 57 0.25
1269 129 0.75
1270 129 0.25
1271 212 0.75
1272 212 0.25
1273 483 0.75
1274 483 0.25
1275 493 0.75
1276 493 0.25
1277 6 0.785479
1278 6 0.214521
1279 118 0.410714
1280 118 0.589286
1281 347 0.150943
1282 347 0.849057
1283 406 0.555556
1284 406 0.444444
1285 69 0.597656
1286 69 0.402344
1287 191 0.480392
1288 191 0.519608
1289 250 0.569444
1290 250 0.430556
1291 57 0.736264
1292 57 0.263736
1293 129 0.647727
1294 129 0.352273
1295 212 0.786885
1296 212 0.213115
1297 483 0.820895
1298 483 0.179104
1299 493 0.831731
1300 493 0.168269
1301 6 0.75
1302 6 0.25
1303 118 0.75
1304 118 0.25
1305 347 0.75
1306 347 0.25
1307 406 0.75
1308 406 0.25
1309 69 0.75
1310 69 0.25
1311 191 0.75
1312 191 0.25
1313 250 0.75
1314 250 0.25
1315 57 0.75
1316 57 0.25
1317 129 0.75
1318 129 0.25
1319 212 0.75
1320 212 0.25
1321 483 0.75
1322 483 0.25
1323 493 0.75
1324 493 0.25
1325 7 0.75
1326 7 0.25
1327 222 0.75
1328 222 0.25
1329 285 0.75
1330 285 0.25
1331 511 0.75
1332 511 0.25
1333 73 0.75
1334 73 0.25
1335 405 0.75
1336 405 0.25
1337 128 0.75
1338 128 0.25
1339 387 0.75
1340 387 0.25
1341 388 0.75
1342 388 0.25
1343 7 0.75
1344 7 0.25
1345 222 0.75
1346 222 0.25
1347 285 0.75
1348 285 0.25
1349 511 0.75
1350 511 0.25
1351 73 0.75
1352 73 0.25
1353 405 0.75
1354 405 0.25
1355 128 0.75
1356 128 0.25
1357 387 0.75
1358 387 0.25
1359 388 0.75
1360 388 0.25
1361 7 0.838384
1362 7 0.161616
1363 222 0.807107
1364 222 0.192893
1365 285 0.694444
1366 285 0.305556
1367 511 0.816092
1368 511 0.183908
1369 73 0.375
1370 73 0.625
1371 405 0.458647
1372 405 0.541353
1373 128 0.604938
1374 128 0.395062
1375 387 0.137931
1376 387 0.862069
1377 388 0.56044
1378 388 0.43956
1379 7 0.75
1380 7 0.25
1381 222 0.75
1382 222 0.25
1383 285 0.75
1384 285 0.25
1385 511 0.75
1386 511 0.25
1387 73 0.75
1388 73 0.25
1389 405 0.75
1390 405 0.25
1391 128 0.75
1392 128 0.25
1393 387 0.75
1394 387 0.25
1395 388 0.75
1396 388 0.25
1397 8 0.557377
1398 8 0.442623
1399 108 0.75
1400 108 0.25
1401 319 0.75
1402 319 0.25
1403 449 0.75
1404 449 0.25
1405 126 0.75
1406 126 0.25
1407 175 0.75
1408 175 0.25
1409 235 0.75
1410 235 0.25
1411 449 0.75
1412 449 0.25
1413 518 0.752688
1414 518 0.247312
1415 534 0.75
1416 534 0.25
1417 564 0.904762
1418 564 0.0952381
1419 117 0.891892
1420 117 0.108108
1421 126 0.75
1422 126 0.25
1423 175 0.75
1424 175 0.25
1425 235 0.75
1426 235 0.25
1427 449 0.75
1428 449 0.25
1429 454 0.915663
1430 454 0.0843374
1431 480 0.881188
1432 480 0.118812
1433 534 0.75
1434 534 0.25
1435 564 0.75
1436 564 0.25
1437 8 0.75
1438 8 0.25
1439 108 0.75
1440 108 0.25
1441 319 0.75
1442 319 0.25
1443 449 0.75
1444 449 0.25
1445 126 0.75
1446 126 0.25
1447 175 0.75
1448 175 0.25
1449 235 0.75
1450 235 0.25
1451 449 0.75
1452 449 0.25
1453 518 0.75
1454 518 0.25
1455 534 0.75
1456 534 0.25
1457 564 0.75
1458 564 0.25
1459 117 0.75
1460 117 0.25
1461 126 0.75
1462 126 0.25
1463 175 0.75
1464 175 0.25
1465 235 0.75
1466 235 0.25
1467 449 0.75
1468 449 0.25
1469 454 0.75
1470 454 0.25
1471 480 0.75
1472 480 0.25
1473 534 0.75
1474 534 0.25
1475 564 0.75
1476 564 0.25
1477 8 0.75
1478 8 0.25
1479 108 0.862319
1480 108 0.137681
1481 319 0.796296
1482 319 0.203704
1483 449 0.843537
1484 449 0.156463
1485 126 0.865248
1486 126 0.134752
1487 175 0.01
1488 175 0.990001
1489 235 0.9
1490 235 0.1
1491 449 0.789474
1492 449 0.210526
1493 518 0.75
1494 518 0.25
1495 534 0.639344
1496 534 0.360656
1497 564 0.928571
1498 564 0.0714286
1499 117 0.75
1500 117 0.25
1501 126 0.01
1502 126 0.990001
1503 175 0.8
1504 175 0.2
1505 235 0.75
1506 235 0.25
1507 449 0.75
1508 449 0.25
1509 454 0.75
1510 454 0.25
1511 480 0.75
1512 480 0.25
1513 534 0.01
1514 534 0.990001
1515 564 0.75
1516 564 0.25
1517 8 0.75
1518 8 0.25
1519 108 0.75
1520 108 0.25
1521 319 0.75
1522 319 0.25
1523 449 0.75
1524 449 0.25
1525 126 0.75
1526 126 0.25
1527 175 0.75
1528 175 0.25
1529 235 0.75
1530 235 0.25
1531 449 0.75
1532 449 0.25
1533 518 0.75
1534 518 0.25
1535 534 0.75
1536 534 0.25
1537 564 0.75
1538 564 0.25
1539 117 0.75
1540 117 0.25
1541 126 0.75
1542 126 0.25
1543 175 0.75
1544 175 0.25
1545 235 0.75
1546 235 0.25
1547 449 0.75
1548 449 0.25
1549 454 0.75
1550 454 0.25
1551 480 0.75
1552 480 0.25
1553 534 0.75
1554 534 0.25
1555 564 0.75
1556 564 0.25
1557 9 0.891892
1558 9 0.108108
1559 153 0.75
1560 153 0.25
1561 289 0.75
1562 289 0.25
1563 317 0.75
1564 317 0.25
1565 182 0.75
1566 182 0.25
1567 216 0.75
1568 216 0.25
1569 231 0.75
1570 231 0.25
1571 254 0.75
1572 254 0.25
1573 255 0.75
1574 255 0.25
1575 288 0.944444
1576 288 0.0555556
1577 355 0.75
1578 355 0.25
1579 361 0.927273
1580 361 0.0727273
1581 364 0.75
1582 364 0.25
1583 367 0.75
1584 367 0.25
1585 368 0.75
1586 368 0.25
1587 379 0.888889
1588 379 0.111111
1589 386 0.902439
1590 386 0.097561
1591 394 0.75
1592 394 0.25
1593 467 0.75
1594 467 0.25
1595 470 0.75
1596 470 0.25
1597 479 0.75
1598 479 0.25
1599 502 0.945946
1600 502 0.0540541
1601 176 0.75
1602 176 0.25
1603 362 0.854545
1604 362 0.145455
1605 9 0.75
1606 9 0.25
1607 153 0.727273
1608 153 0.272727
1609 289 0.75
1610 289 0.25
1611 317 0.622642
1612 317 0.377358
1613 81 0.932203
1614 81 0.0677966
1615 182 0.75
1616 182 0.25
1617 216 0.75
1618 216 0.25
1619 231 0.75
1620 231 0.25
1621 254 0.75
1622 254 0.25
1623 255 0.75
1624 255 0.25
1625 288 0.75
1626 288 0.25
1627 355 0.75
1628 355 0.25
1629 361 0.75
1630 361 0.25
1631 364 0.92
1632 364 0.08
1633 367 0.75
1634 367 0.25
1635 368 0.875
1636 368 0.125
1637 379 0.75
1638 379 0.25
1639 386 0.75
1640 386 0.25
1641 394 0.75
1642 394 0.25
1643 467 0.883117
1644 467 0.116883
1645 470 0.846154
1646 470 0.153846
1647 502 0.864865
1648 502 0.135135
1649 60 0.878788
1650 60 0.121212
1651 207 0.938776
1652 207 0.0612245
1653 494 0.935065
1654 494 0.0649351
1655 9 0.75
1656 9 0.25
1657 153 0.777778
1658 153 0.222222
1659 289 0.816092
1660 289 0.183908
1661 317 0.708333
1662 317 0.291667
1663 182 0.923077
1664 182 0.0769231
1665 216 0.947368
1666 216 0.0526316
1667 231 0.907692
1668 231 0.0923077
1669 254 0.928571
1670 254 0.0714286
1671 255 0.888889
1672 255 0.111111
1673 288 0.75
1674 288 0.25
1675 355 0.947368
1676 355 0.0526316
1677 361 0.928571
1678 361 0.0714286
1679 364 0.888889
1680 364 0.111111
1681 367 0.913043
1682 367 0.0869565
1683 368 0.9
1684 368 0.1
1685 379 0.75
1686 379 0.25
1687 386 0.935484
1688 386 0.0645161
1689 394 0.923077
1690 394 0.0769231
1691 467 0.857143
1692 467 0.142857
1693 470 0.916667
1694 470 0.0833333
1695 479 0.903846
1696 479 0.0961539
1697 502 0.909091
1698 502 0.0909091
1699 176 0.787879
1700 176 0.212121
1701 362 0.776786
1702 362 0.223214
1703 9 0.75
1704 9 0.25
1705 153 0.75
1706 153 0.25
1707 289 0.75
1708 289 0.25
1709 317 0.75
1710 317 0.25
1711 182 0.75
1712 182 0.25
1713 216 0.75
1714 216 0.25
1715 231 0.75
1716 231 0.25
1717 254 0.75
1718 254 0.25
1719 255 0.75
1720 255 0.25
1721 288 0.75
1722 288 0.25
1723 355 0.75
1724 355 0.25
1725 361 0.75
1726 361 0.25
1727 364 0.75
1728 364 0.25
1729 367 0.75
1730 367 0.25
1731 368 0.75
1732 368 0.25
1733 379 0.75
1734 379 0.25
1735 386 0.75
1736 386 0.25
1737 394 0.75
1738 394 0.25
1739 467 0.75
1740 467 0.25
1741 470 0.75
1742 470 0.25
1743 479 0.75
1744 479 0.25
1745 502 0.75
1746 502 0.25
1747 176 0.75
1748 176 0.25
1749 362 0.75
1750 362 0.25
1751 10 0.75
1752 10 0.25
1753 50 0.75
1754 50 0.25
1755 134 0.75
1756 134 0.25
1757 179 0.75
1758 179 0.25
1759 253 0.75
1760 253 0.25
1761 280 0.75
1762 280 0.25
1763 305 0.75
1764 305 0.25
1765 311 0.75
1766 311 0.25
1767 353 0.75
1768 353 0.25
1769 359 0.75
1770 359 0.25
1771 372 0.75
1772 372 0.25
1773 466 0.75
1774 466 0.25
1775 45 0.75
1776 45 0.25
1777 240 0.75
1778 240 0.25
1779 271 0.75
1780 271 0.25
1781 383 0.75
1782 383 0.25
1783 472 0.75
1784 472 0.25
1785 433 0.75
1786 433 0.25
1787 10 0.899281
1788 10 0.100719
1789 50 0.763441
1790 50 0.236559
1791 134 0.888889
1792 134 0.111111
1793 162 0.923077
1794 162 0.0769231
1795 179 0.921569
1796 179 0.0784314
1797 253 0.923077
1798 253 0.0769231
1799 280 0.901316
1800 280 0.0986842
1801 305 0.895105
1802 305 0.104895
1803 311 0.914894
1804 311 0.0851064
1805 353 0.880282
1806 353 0.119718
1807 359 0.854545
1808 359 0.145455
1809 372 0.678161
1810 372 0.321839
1811 466 0.901099
1812 466 0.0989011
1813 45 0.910569
1814 45 0.0894309
1815 240 0.861111
1816 240 0.138889
1817 271 0.874659
1818 271 0.125341
1819 383 0.836502
1820 383 0.163498
1821 472 0.862385
1822 472 0.137615
1823 399 0.866779
1824 399 0.133221
1825 433 0.801556
1826 433 0.198444
1827 10 0.75
1828 10 0.25
1829 50 0.666667
1830 50 0.333333
1831 134 0.75
1832 134 0.25
1833 179 0.75
1834 179 0.25
1835 253 0.75
1836 253 0.25
1837 280 0.75
1838 280 0.25
1839 305 0.75
1840 305 0.25
1841 311 0.75
1842 311 0.25
1843 353 0.75
1844 353 0.25
1845 359 0.75
1846 359 0.25
1847 372 0.557377
1848 372 0.442623
1849 466 0.75
1850 466 0.25
1851 45 0.928571
1852 45 0.0714286
1853 240 0.586957
1854 240 0.413043
1855 271 0.75
1856 271 0.25
1857 383 0.868852
1858 383 0.131148
1859 472 0.75
1860 472 0.25
1861 433 0.375
1862 433 0.625
1863 10 0.75
1864 10 0.25
1865 50 0.75
1866 50 0.25
1867 134 0.75
1868 134 0.25
1869 179 0.75
1870 179 0.25
1871 253 0.75
1872 253 0.25
1873 280 0.75
1874 280 0.25
1875 305 0.75
1876 305 0.25
1877 311 0.75
1878 311 0.25
1879 353 0.75
1880 353 0.25
1881 359 0.75
1882 359 0.25
1883 372 0.75
1884 372 0.25
1885 466 0.75
1886 466 0.25
1887 45 0.75
1888 45 0.25
1889 240 0.75
1890 240 0.25
1891 271 0.75
1892 271 0.25
1893 383 0.75
1894 383 0.25
1895 472 0.75
1896 472 0.25
1897 433 0.75
1898 433 0.25
1899 11 0.75
1900 11 0.25
1901 75 0.75
1902 75 0.25
1903 262 0.75
1904 262 0.25
1905 491 0.0909091
1906 491 0.909091
1907 298 0.88
1908 298 0.12
1909 380 0.708333
1910 380 0.291667
1911 384 0.75
1912 384 0.25
1913 65 0.72
1914 65 0.28
1915 145 0.4
1916 145 0.6
1917 539 0.75
1918 539 0.25
1919 11 0.75
1920 11 0.25
1921 75 0.75
1922 75 0.25
1923 262 0.75
1924 262 0.25
1925 491 0.75
1926 491 0.25
1927 298 0.75
1928 298 0.25
1929 380 0.75
1930 380 0.25
1931 384 0.75
1932 384 0.25
1933 65 0.75
1934 65 0.25
1935 145 0.75
1936 145 0.25
1937 539 0.75
1938 539 0.25
1939 11 0.733333
1940 11 0.266667
1941 75 0.586207
1942 75 0.413793
1943 262 0.78341
1944 262 0.21659
1945 491 0.722222
1946 491 0.277778
1947 298 0.782609
1948 298 0.217391
1949 380 0.72314
1950 380 0.276859
1951 384 0.759358
1952 384 0.240642
1953 65 0.715328
1954 65 0.284672
1955 145 0.473684
1956 145 0.526316
1957 539 0.514286
1958 539 0.485714
1959 11 0.75
1960 11 0.25
1961 75 0.75
1962 75 0.25
1963 262 0.75
1964 262 0.25
1965 491 0.75
1966 491 0.25
1967 298 0.75
1968 298 0.25
1969 380 0.75
1970 380 0.25
1971 384 0.75
1972 384 0.25
1973 65 0.75
1974 65 0.25
1975 145 0.75
1976 145 0.25
1977 539 0.75
1978 539 0.25
1979 12 0.921569
1980 12 0.0784314
1981 435 0.909091
1982 435 0.0909091
1983 505 0.75
1984 505 0.25
1985 265 0.846154
1986 265 0.153846
1987 435 0.958333
1988 435 0.0416667
1989 265 0.75
1990 265 0.25
1991 435 0.75
1992 435 0.25
1993 12 0.75
1994 12 0.25
1995 435 0.75
1996 435 0.25
1997 505 0.75
1998 505 0.25
1999 265 0.75
2000 265 0.25
2001 435 0.75
2002 435 0.25
2003 265 0.75
2004 265 0.25
2005 435 0.75
2006 435 0.25
2007 12 0.75
2008 12 0.25
2009 435 0.875
2010 435 0.125
2011 505 0.888889
2012 505 0.111111
2013 265 0.7
2014 265 0.3
2015 435 0.75
2016 435 0.25
2017 265 0.727273
2018 265 0.272727
2019 435 0.75
2020 435 0.25
2021 12 0.75
2022 12 0.25
2023 435 0.75
2024 435 0.25
2025 505 0.75
2026 505 0.25
2027 265 0.75
2028 265 0.25
2029 435 0.75
2030 435 0.25
2031 265 0.75
2032 265 0.25
2033 435 0.75
2034 435 0.25
2035 13 0.948276
2036 13 0.0517241
2037 127 0.75
2038 127 0.25
2039 137 0.770053
2040 137 0.229947
2041 339 0.75
2042 339 0.25
2043 432 0.75
2044 432 0.25
2045 461 0.75
2046 461 0.25
2047 488 0.75
2048 488 0.25
2049 526 0.75
2050 526 0.25
2051 63 0.916667
2052 63 0.0833333
2053 125 0.75
2054 125 0.25
2055 201 0.75
2056 201 0.25
2057 241 0.75
2058 241 0.25
2059 258 0.75
2060 258 0.25
2061 283 0.75
2062 283 0.25
2063 294 0.75
2064 294 0.25
2065 306 0.75
2066 306 0.25
2067 314 0.75
2068 314 0.25
2069 316 0.75
2070 316 0.25
2071 318 0.75
2072 318 0.25
2073 339 0.75
2074 339 0.25
2075 345 0.75
2076 345 0.25
2077 422 0.699029
2078 422 0.300971
2079 537 0.75
2080 537 0.25
2081 554 0.75
2082 554 0.25
2083 555 0.75
2084 555 0.25
2085 556 0.82716
2086 556 0.17284
2087 88 0.863636
2088 88 0.136364
2089 252 0.75
2090 252 0.25
2091 263 0.466667
2092 263 0.533333
2093 291 0.5625
2094 291 0.4375
2095 294 0.694444
2096 294 0.305556
2097 339 0.75
2098 339 0.25
2099 345 0.375
2100 345 0.625
2101 13 0.75
2102 13 0.25
2103 124 0.861702
2104 124 0.138298
2105 137 0.75
2106 137 0.25
2107 208 0.861272
2108 208 0.138728
2109 344 0.872928
2110 344 0.127072
2111 63 0.75
2112 63 0.25
2113 125 0.779412
2114 125 0.220588
2115 201 0.923077
2116 201 0.0769231
2117 241 0.75
2118 241 0.25
2119 258 0.75
2120 258 0.25
2121 283 0.75
2122 283 0.25
2123 294 0.75
2124 294 0.25
2125 306 0.909091
2126 306 0.0909091
2127 314 0.928571
2128 314 0.0714286
2129 316 0.75
2130 316 0.25
2131 318 0.75
2132 318 0.25
2133 339 0.75
2134 339 0.25
2135 345 0.833333
2136 345 0.166667
2137 422 0.75
2138 422 0.25
2139 537 0.75
2140 537 0.25
2141 554 0.75
2142 554 0.25
2143 555 0.835664
2144 555 0.164336
2145 556 0.75
2146 556 0.25
2147 55 0.915254
2148 55 0.0847458
2149 462 0.889518
2150 462 0.110482
2151 13 0.75
2152 13 0.25
2153 127 0.520408
2154 127 0.479592
2155 137 0.75
2156 137 0.25
2157 339 0.76
2158 339 0.24
2159 432 0.751678
2160 432 0.248322
2161 461 0.666667
2162 461 0.333333
2163 488 0.806723
2164 488 0.193277
2165 526 0.788732
2166 526 0.211268
2167 63 0.75
2168 63 0.25
2169 125 0.857143
2170 125 0.142857
2171 201 0.8
2172 201 0.2
2173 241 0.840909
2174 241 0.159091
2175 258 0.875
2176 258 0.125
2177 283 0.875
2178 283 0.125
2179 294 0.695652
2180 294 0.304348
2181 306 0.888889
2182 306 0.111111
2183 314 0.8
2184 314 0.2
2185 316 0.875
2186 316 0.125
2187 318 0.875
2188 318 0.125
2189 339 0.467532
2190 339 0.532468
2191 345 0.75
2192 345 0.25
2193 422 0.75
2194 422 0.25
2195 537 0.682927
2196 537 0.317073
2197 554 0.828402
2198 554 0.171598
2199 555 0.866667
2200 555 0.133333
2201 556 0.916667
2202 556 0.0833333
2203 88 0.815789
2204 88 0.184211
2205 252 0.923077
2206 252 0.0769231
2207 263 0.611465
2208 263 0.388535
2209 291 0.688312
2210 291 0.311688
2211 294 0.214286
2212 294 0.785714
2213 339 0.01
2214 339 0.990001
2215 345 0.358025
2216 345 0.641975
2217 13 0.75
2218 13 0.25
2219 127 0.75
2220 127 0.25
2221 137 0.75
2222 137 0.25
2223 339 0.75
2224 339 0.25
2225 432 0.75
2226 432 0.25
2227 461 0.75
2228 461 0.25
2229 488 0.75
2230 488 0.25
2231 526 0.75
2232 526 0.25
2233 63 0.75
2234 63 0.25
2235 125 0.75
2236 125 0.25
2237 201 0.75
2238 201 0.25
2239 241 0.75
2240 241 0.25
2241 258 0.75
2242 258 0.25
2243 283 0.75
2244 283 0.25
2245 294 0.75
2246 294 0.25
2247 306 0.75
2248 306 0.25
2249 314 0.75
2250 314 0.25
2251 316 0.75
2252 316 0.25
2253 318 0.75
2254 318 0.25
2255 339 0.75
2256 339 0.25
2257 345 0.75
2258 345 0.25
2259 422 0.75
2260 422 0.25
2261 537 0.75
2262 537 0.25
2263 554 0.75
2264 554 0.25
2265 555 0.75
2266 555 0.25
2267 556 0.75
2268 556 0.25
2269 88 0.75
2270 88 0.25
2271 252 0.75
2272 252 0.25
2273 263 0.75
2274 263 0.25
2275 291 0.75
2276 291 0.25
2277 294 0.75
2278 294 0.25
2279 339 0.75
2280 339 0.25
2281 345 0.75
2282 345 0.25
2283 14 0.75
2284 14 0.25
2285 133 0.888889
2286 133 0.111111
2287 202 0.75
2288 202 0.25
2289 299 0.75
2290 299 0.25
2291 300 0.75
2292 300 0.25
2293 335 0.75
2294 335 0.25
2295 366 0.75
2296 366 0.25
2297 395 0.75
2298 395 0.25
2299 442 0.75
2300 442 0.25
2301 468 0.968254
2302 468 0.031746
2303 469 0.75
2304 469 0.25
2305 80 0.75
2306 80 0.25
2307 371 0.75
2308 371 0.25
2309 528 0.75
2310 528 0.25
2311 552 0.84
2312 552 0.16
2313 567 0.75
2314 567 0.25
2315 158 0.75
2316 158 0.25
2317 498 0.75
2318 498 0.25
2319 14 0.75
2320 14 0.25
2321 133 0.75
2322 133 0.25
2323 202 0.75
2324 202 0.25
2325 299 0.75
2326 299 0.25
2327 300 0.75
2328 300 0.25
2329 335 0.75
2330 335 0.25
2331 366 0.75
2332 366 0.25
2333 395 0.75
2334 395 0.25
2335 442 0.928571
2336 442 0.0714286
2337 468 0.75
2338 468 0.25
2339 469 0.75
2340 469 0.25
2341 80 0.75
2342 80 0.25
2343 371 0.884615
2344 371 0.115385
2345 567 0.75
2346 567 0.25
2347 158 0.75
2348 158 0.25
2349 238 0.94
2350 238 0.06
2351 14 0.953488
2352 14 0.0465116
2353 133 0.75
2354 133 0.25
2355 202 0.944444
2356 202 0.0555556
2357 299 0.95
2358 299 0.05
2359 300 0.931035
2360 300 0.0689655
2361 335 0.9375
2362 335 0.0625
2363 366 0.96
2364 366 0.04
2365 395 0.881944
2366 395 0.118056
2367 442 0.862069
2368 442 0.137931
2369 468 0.75
2370 468 0.25
2371 469 0.898305
2372 469 0.101695
2373 80 0.884615
2374 80 0.115385
2375 371 0.904762
2376 371 0.0952381
2377 528 0.814815
2378 528 0.185185
2379 552 0.761905
2380 552 0.238095
2381 567 0.941176
2382 567 0.0588235
2383 158 0.949153
2384 158 0.0508475
2385 498 0.79235
2386 498 0.20765
2387 14 0.75
2388 14 0.25
2389 133 0.75
2390 133 0.25
2391 202 0.75
2392 202 0.25
2393 299 0.75
2394 299 0.25
2395 300 0.75
2396 300 0.25
2397 335 0.75
2398 335 0.25
2399 366 0.75
2400 366 0.25
2401 395 0.75
2402 395 0.25
2403 442 0.75
2404 442 0.25
2405 468 0.75
2406 468 0.25
2407 469 0.75
2408 469 0.25
2409 80 0.75
2410 80 0.25
2411 371 0.75
2412 371 0.25
2413 528 0.75
2414 528 0.25
2415 552 0.75
2416 552 0.25
2417 567 0.75
2418 567 0.25
2419 158 0.75
2420 158 0.25
2421 498 0.75
2422 498 0.25
2423 15 0.333333
2424 15 0.666667
2425 286 0.75
2426 286 0.25
2427 401 0.75
2428 401 0.25
2429 87 0.75
2430 87 0.25
2431 363 0.902098
2432 363 0.0979021
2433 163 0.75
2434 163 0.25
2435 441 0.837209
2436 441 0.162791
2437 15 0.75
2438 15 0.25
2439 286 0.75
2440 286 0.25
2441 401 0.75
2442 401 0.25
2443 87 0.75
2444 87 0.25
2445 363 0.75
2446 363 0.25
2447 163 0.75
2448 163 0.25
2449 441 0.75
2450 441 0.25
2451 15 0.75
2452 15 0.25
2453 286 0.6
2454 286 0.4
2455 401 0.634615
2456 401 0.365385
2457 87 0.766234
2458 87 0.233766
2459 363 0.866197
2460 363 0.133803
2461 163 0.746032
2462 163 0.253968
2463 441 0.818965
2464 441 0.181034
2465 15 0.75
2466 15 0.25
2467 286 0.75
2468 286 0.25
2469 401 0.75
2470 401 0.25
2471 87 0.75
2472 87 0.25
2473 363 0.75
2474 363 0.25
2475 163 0.75
2476 163 0.25
2477 441 0.75
2478 441 0.25
2479 16 0.75
2480 16 0.25
2481 48 0.75
2482 48 0.25
2483 173 0.75
2484 173 0.25
2485 205 0.75
2486 205 0.25
2487 295 0.583333
2488 295 0.416667
2489 374 0.580311
2490 374 0.419689
2491 428 0.75
2492 428 0.25
2493 76 0.666667
2494 76 0.333333
2495 99 0.666667
2496 99 0.333333
2497 147 0.75
2498 147 0.25
2499 148 0.75
2500 148 0.25
2501 173 0.75
2502 173 0.25
2503 206 0.783951
2504 206 0.216049
2505 270 0.780488
2506 270 0.219512
2507 77 0.725806
2508 77 0.274194
2509 92 0.735577
2510 92 0.264423
2511 173 0.75
2512 173 0.25
2513 199 0.477612
2514 199 0.522388
2515 443 0.526316
2516 443 0.473684
2517 16 0.75
2518 16 0.25
2519 48 0.75
2520 48 0.25
2521 173 0.607143
2522 173 0.392857
2523 205 0.75
2524 205 0.25
2525 295 0.75
2526 295 0.25
2527 374 0.75
2528 374 0.25
2529 428 0.75
2530 428 0.25
2531 76 0.75
2532 76 0.25
2533 99 0.75
2534 99 0.25
2535 147 0.75
2536 147 0.25
2537 148 0.75
2538 148 0.25
2539 173 0.01
2540 173 0.990001
2541 206 0.75
2542 206 0.25
2543 270 0.75
2544 270 0.25
2545 77 0.75
2546 77 0.25
2547 92 0.75
2548 92 0.25
2549 173 0.01
2550 173 0.990001
2551 199 0.75
2552 199 0.25
2553 443 0.75
2554 443 0.25
2555 16 0.594595
2556 16 0.405405
2557 48 0.930435
2558 48 0.0695652
2559 173 0.917808
2560 173 0.0821918
2561 205 0.915521
2562 205 0.0844794
2563 295 0.75
2564 295 0.25
2565 374 0.75
2566 374 0.25
2567 428 0.346667
2568 428 0.653333
2569 76 0.68
2570 76 0.32
2571 99 0.591837
2572 99 0.408163
2573 147 0.696203
2574 147 0.303797
2575 148 0.75
2576 148 0.25
2577 173 0.401786
2578 173 0.598214
2579 206 0.428571
2580 206 0.571429
2581 270 0.869565
2582 270 0.130435
2583 77 0.703704
2584 77 0.296296
2585 92 0.666667
2586 92 0.333333
2587 173 0.01
2588 173 0.990001
2589 199 0.375
2590 199 0.625
2591 443 0.15625
2592 443 0.84375
2593 16 0.75
2594 16 0.25
2595 48 0.75
2596 48 0.25
2597 173 0.75
2598 173 0.25
2599 205 0.75
2600 205 0.25
2601 295 0.75
2602 295 0.25
2603 374 0.75
2604 374 0.25
2605 428 0.75
2606 428 0.25
2607 76 0.75
2608 76 0.25
2609 99 0.75
2610 99 0.25
2611 147 0.75
2612 147 0.25
2613 148 0.75
2614 148 0.25
2615 173 0.75
2616 173 0.25
2617 206 0.75
2618 206 0.25
2619 270 0.75
2620 270 0.25
2621 77 0.75
2622 77 0.25
2623 92 0.75
2624 92 0.25
2625 173 0.75
2626 173 0.25
2627 199 0.75
2628 199 0.25
2629 443 0.75
2630 443 0.25
2631 161 0.75
2632 161 0.25
2633 272 0.75
2634 272 0.25
2635 323 0.75
2636 323 0.25
2637 382 0.75
2638 382 0.25
2639 397 0.75
2640 397 0.25
2641 398 0.75
2642 398 0.25
2643 420 0.75
2644 420 0.25
2645 504 0.75
2646 504 0.25
2647 161 0.75
2648 161 0.25
2649 166 0.862069
2650 166 0.137931
2651 272 0.75
2652 272 0.25
2653 323 0.75
2654 323 0.25
2655 382 0.75
2656 382 0.25
2657 397 0.75
2658 397 0.25
2659 420 0.75
2660 420 0.25
2661 484 0.75
2662 484 0.25
2663 504 0.75
2664 504 0.25
2665 160 0.789474
2666 160 0.210526
2667 161 0.75
2668 161 0.25
2669 272 0.75
2670 272 0.25
2671 323 0.75
2672 323 0.25
2673 382 0.75
2674 382 0.25
2675 397 0.75
2676 397 0.25
2677 484 0.75
2678 484 0.25
2679 504 0.75
2680 504 0.25
2681 17 0.841667
2682 17 0.158333
2683 267 0.809859
2684 267 0.190141
2685 485 0.837838
2686 485 0.162162
2687 503 0.78125
2688 503 0.21875
2689 74 0.84058
2690 74 0.15942
2691 174 0.832061
2692 174 0.167939
2693 97 0.770035
2694 97 0.229965
2695 161 0.826087
2696 161 0.173913
2697 272 0.01
2698 272 0.990001
2699 323 0.75
2700 323 0.25
2701 382 0.666667
2702 382 0.333333
2703 397 0.72973
2704 397 0.27027
2705 398 0.680233
2706 398 0.319767
2707 420 0.105263
2708 420 0.894737
2709 504 0.884058
2710 504 0.115942
2711 161 0.75
2712 161 0.25
2713 166 0.75
2714 166 0.25
2715 272 0.01
2716 272 0.990001
2717 323 0.01
2718 323 0.990001
2719 382 0.75
2720 382 0.25
2721 397 0.612613
2722 397 0.387387
2723 420 0.549451
2724 420 0.450549
2725 484 0.75
2726 484 0.25
2727 504 0.75
2728 504 0.25
2729 160 0.556818
2730 160 0.443182
2731 161 0.933333
2732 161 0.0666667
2733 272 0.918182
2734 272 0.0818182
2735 323 0.867925
2736 323 0.132075
2737 382 0.9375
2738 382 0.0625
2739 397 0.01
2740 397 0.990001
2741 484 0.875
2742 484 0.125
2743 504 0.833333
2744 504 0.166667
2745 161 0.75
2746 161 0.25
2747 272 0.75
2748 272 0.25
2749 323 0.75
2750 323 0.25
2751 382 0.75
2752 382 0.25
2753 397 0.75
2754 397 0.25
2755 398 0.75
2756 398 0.25
2757 420 0.75
2758 420 0.25
2759 504 0.75
2760 504 0.25
2761 161 0.75
2762 161 0.25
2763 166 0.75
2764 166 0.25
2765 272 0.75
2766 272 0.25
2767 323 0.75
2768 323 0.25
2769 382 0.75
2770 382 0.25
2771 397 0.75
2772 397 0.25
2773 420 0.75
2774 420 0.25
2775 484 0.75
2776 484 0.25
2777 504 0.75
2778 504 0.25
2779 160 0.75
2780 160 0.25
2781 161 0.75
2782 161 0.25
2783 272 0.75
2784 272 0.25
2785 323 0.75
2786 323 0.25
2787 382 0.75
2788 382 0.25
2789 397 0.75
2790 397 0.25
2791 484 0.75
2792 484 0.25
2793 504 0.75
2794 504 0.25
2795 131 0.75
2796 131 0.25
2797 159 0.75
2798 159 0.25
2799 431 0.75
2800 431 0.25
2801 131 0.75
2802 131 0.25
2803 159 0.75
2804 159 0.25
2805 431 0.75
2806 431 0.25
2807 159 0.75
2808 159 0.25
2809 389 0.75
2810 389 0.25
2811 431 0.75
2812 431 0.25
2813 536 0.75
2814 536 0.25
2815 575 0.75
2816 575 0.25
2817 18 0.785714
2818 18 0.214286
2819 18 0.01
2820 18 0.990001
2821 292 0.855422
2822 292 0.144578
2823 131 0.566667
2824 131 0.433333
2825 159 0.01
2826 159 0.990001
2827 431 0.785714
2828 431 0.214286
2829 131 0.01
2830 131 0.990001
2831 159 0.727273
2832 159 0.272727
2833 431 0.01
2834 431 0.990001
2835 159 0.01
2836 159 0.990001
2837 389 0.925
2838 389 0.075
2839 431 0.01
2840 431 0.990001
2841 536 0.859375
2842 536 0.140625
2843 575 0.875
2844 575 0.125
2845 131 0.75
2846 131 0.25
2847 159 0.75
2848 159 0.25
2849 431 0.75
2850 431 0.25
2851 131 0.75
2852 131 0.25
2853 159 0.75
2854 159 0.25
2855 431 0.75
2856 431 0.25
2857 159 0.75
2858 159 0.25
2859 389 0.75
2860 389 0.25
2861 431 0.75
2862 431 0.25
2863 536 0.75
2864 536 0.25
2865 575 0.75
2866 575 0.25
2867 72 0.75
2868 72 0.25
2869 407 0.726316
2870 407 0.273684
2871 444 0.706897
2872 444 0.293103
2873 455 0.75
2874 455 0.25
2875 186 0.615385
2876 186 0.384615
2877 290 0.574468
2878 290 0.425532
2879 312 0.666667
2880 312 0.333333
2881 331 0.75
2882 331 0.25
2883 332 0.75
2884 332 0.25
2885 448 0.75
2886 448 0.25
2887 455 0.75
2888 455 0.25
2889 67 0.75
2890 67 0.25
2891 105 0.659091
2892 105 0.340909
2893 312 0.01
2894 312 0.990001
2895 445 0.603448
2896 445 0.396552
2897 455 0.75
2898 455 0.25
2899 19 0.907704
2900 19 0.092296
2901 234 0.748466
2902 234 0.251534
2903 411 0.862464
2904 411 0.137536
2905 44 0.703226
2906 44 0.296774
2907 123 0.742268
2908 123 0.257732
2909 142 0.858182
2910 142 0.141818
2911 47 0.809877
2912 47 0.190123
2913 122 0.878261
2914 122 0.121739
2915 72 0.720812
2916 72 0.279188
2917 407 0.75
2918 407 0.25
2919 444 0.75
2920 444 0.25
2921 455 0.422222
2922 455 0.577778
2923 186 0.75
2924 186 0.25
2925 290 0.75
2926 290 0.25
2927 312 0.75
2928 312 0.25
2929 331 0.875
2930 331 0.125
2931 332 0.941176
2932 332 0.0588235
2933 448 0.747475
2934 448 0.252525
2935 455 0.709677
2936 455 0.290323
2937 67 0.676923
2938 67 0.323077
2939 105 0.642857
2940 105 0.357143
2941 312 0.583333
2942 312 0.416667
2943 445 0.6
2944 445 0.4
2945 455 0.01
2946 455 0.990001
2947 72 0.75
2948 72 0.25
2949 407 0.75
2950 407 0.25
2951 444 0.75
2952 444 0.25
2953 455 0.75
2954 455 0.25
2955 186 0.75
2956 186 0.25
2957 290 0.75
2958 290 0.25
2959 312 0.75
2960 312 0.25
2961 331 0.75
2962 331 0.25
2963 332 0.75
2964 332 0.25
2965 448 0.75
2966 448 0.25
2967 455 0.75
2968 455 0.25
2969 67 0.75
2970 67 0.25
2971 105 0.75
2972 105 0.25
2973 312 0.75
2974 312 0.25
2975 445 0.75
2976 445 0.25
2977 455 0.75
2978 455 0.25
2979 143 0.75
2980 143 0.25
2981 165 0.75
2982 165 0.25
2983 193 0.75
2984 193 0.25
2985 236 0.75
2986 236 0.25
2987 282 0.75
2988 282 0.25
2989 438 0.75
2990 438 0.25
2991 492 0.75
2992 492 0.25
2993 558 0.75
2994 558 0.25
2995 71 0.75
2996 71 0.25
2997 154 0.75
2998 154 0.25
2999 337 0.75
3000 337 0.25
3001 512 0.75
3002 512 0.25
3003 20 0.75
3004 20 0.25
3005 101 0.75
3006 101 0.25
3007 336 0.75
3008 336 0.25
3009 337 0.75
3010 337 0.25
3011 143 0.75
3012 143 0.25
3013 165 0.75
3014 165 0.25
3015 193 0.75
3016 193 0.25
3017 236 0.75
3018 236 0.25
3019 282 0.88189
3020 282 0.11811
3021 438 0.75
3022 438 0.25
3023 492 0.75
3024 492 0.25
3025 558 0.713115
3026 558 0.286885
3027 71 0.615385
3028 71 0.384615
3029 154 0.631068
3030 154 0.368932
3031 337 0.75
3032 337 0.25
3033 512 0.75
3034 512 0.25
3035 391 0.925714
3036 391 0.0742857
3037 540 0.693878
3038 540 0.306122
3039 561 0.897119
3040 561 0.102881
3041 143 0.888889
3042 143 0.111111
3043 165 0.884615
3044 165 0.115385
3045 193 0.769231
3046 193 0.230769
3047 236 0.865979
3048 236 0.134021
3049 282 0.75
3050 282 0.25
3051 438 0.649254
3052 438 0.350746
3053 492 0.681159
3054 492 0.318841
3055 558 0.75
3056 558 0.25
3057 71 0.75
3058 71 0.25
3059 154 0.2
3060 154 0.8
3061 337 0.01
3062 337 0.990001
3063 512 0.590909
3064 512 0.409091
3065 20 0.875
3066 20 0.125
3067 101 0.393443
3068 101 0.606557
3069 336 0.822581
3070 336 0.177419
3071 337 0.465753
3072 337 0.534247
3073 143 0.75
3074 143 0.25
3075 165 0.75
3076 165 0.25
3077 193 0.75
3078 193 0.25
3079 236 0.75
3080 236 0.25
3081 282 0.75
3082 282 0.25
3083 438 0.75
3084 438 0.25
3085 492 0.75
3086 492 0.25
3087 558 0.75
3088 558 0.25
3089 71 0.75
3090 71 0.25
3091 154 0.75
3092 154 0.25
3093 337 0.75
3094 337 0.25
3095 512 0.75
3096 512 0.25
3097 20 0.75
3098 20 0.25
3099 101 0.75
3100 101 0.25
3101 336 0.75
3102 336 0.25
3103 337 0.75
3104 337 0.25
3105 21 0.666667
3106 21 0.333333
3107 84 0.75
3108 84 0.25
3109 560 0.75
3110 560 0.25
3111 150 0.75
3112 150 0.25
3113 184 0.708333
3114 184 0.291667
3115 327 0.75
3116 327 0.25
3117 381 0.75
3118 381 0.25
3119 424 0.535714
3120 424 0.464286
3121 560 0.75
3122 560 0.25
3123 566 0.75
3124 566 0.25
3125 103 0.548387
3126 103 0.451613
3127 183 0.75
3128 183 0.25
3129 233 0.7
3130 233 0.3
3131 21 0.75
3132 21 0.25
3133 84 0.75
3134 84 0.25
3135 560 0.75
3136 560 0.25
3137 150 0.75
3138 150 0.25
3139 184 0.75
3140 184 0.25
3141 327 0.75
3142 327 0.25
3143 381 0.75
3144 381 0.25
3145 424 0.75
3146 424 0.25
3147 560 0.75
3148 560 0.25
3149 566 0.75
3150 566 0.25
3151 103 0.75
3152 103 0.25
3153 183 0.75
3154 183 0.25
3155 233 0.75
3156 233 0.25
3157 21 0.75
3158 21 0.25
3159 84 0.394737
3160 84 0.605263
3161 560 0.521127
3162 560 0.478873
3163 150 0.823529
3164 150 0.176471
3165 184 0.75
3166 184 0.25
3167 327 0.8
3168 327 0.2
3169 381 0.840491
3170 381 0.159509
3171 424 0.75
3172 424 0.25
3173 560 0.760563
3174 560 0.239437
3175 566 0.928571
3176 566 0.0714286
3177 103 0.75
3178 103 0.25
3179 183 0.744395
3180 183 0.255605
3181 233 0.75
3182 233 0.25
3183 21 0.75
3184 21 0.25
3185 84 0.75
3186 84 0.25
3187 560 0.75
3188 560 0.25
3189 150 0.75
3190 150 0.25
3191 184 0.75
3192 184 0.25
3193 327 0.75
3194 327 0.25
3195 381 0.75
3196 381 0.25
3197 424 0.75
3198 424 0.25
3199 560 0.75
3200 560 0.25
3201 566 0.75
3202 566 0.25
3203 103 0.75
3204 103 0.25
3205 183 0.75
3206 183 0.25
3207 233 0.75
3208 233 0.25
3209 22 0.75
3210 22 0.25
3211 369 0.75
3212 369 0.25
3213 550 0.75
3214 550 0.25
3215 490 0.75
3216 490 0.25
3217 550 0.75
3218 550 0.25
3219 146 0.75
3220 146 0.25
3221 273 0.75
3222 273 0.25
3223 517 0.75
3224 517 0.25
3225 550 0.75
3226 550 0.25
3227 22 0.75
3228 22 0.25
3229 369 0.75
3230 369 0.25
3231 550 0.75
3232 550 0.25
3233 490 0.75
3234 490 0.25
3235 550 0.75
3236 550 0.25
3237 146 0.75
3238 146 0.25
3239 273 0.75
3240 273 0.25
3241 517 0.75
3242 517 0.25
3243 550 0.75
3244 550 0.25
3245 22 0.648649
3246 22 0.351351
3247 369 0.686275
3248 369 0.313726
3249 550 0.454545
3250 550 0.545455
3251 490 0.754386
3252 490 0.245614
3253 550 0.01
3254 550 0.990001
3255 146 0.933333
3256 146 0.0666667
3257 273 0.933333
3258 273 0.0666667
3259 517 0.835341
3260 517 0.164659
3261 550 0.914286
3262 550 0.0857143
3263 22 0.75
3264 22 0.25
3265 369 0.75
3266 369 0.25
3267 550 0.75
3268 550 0.25
3269 490 0.75
3270 490 0.25
3271 550 0.75
3272 550 0.25
3273 146 0.75
3274 146 0.25
3275 273 0.75
3276 273 0.25
3277 517 0.75
3278 517 0.25
3279 550 0.75
3280 550 0.25
3281 23 0.75
3282 23 0.25
3283 409 0.75
3284 409 0.25
3285 136 0.809524
3286 136 0.190476
3287 190 0.75
3288 190 0.25
3289 190 0.75
3290 190 0.25
3291 303 0.894737
3292 303 0.105263
3293 23 0.75
3294 23 0.25
3295 409 0.75
3296 409 0.25
3297 136 0.75
3298 136 0.25
3299 190 0.75
3300 190 0.25
3301 190 0.75
3302 190 0.25
3303 303 0.75
3304 303 0.25
3305 23 0.914286
3306 23 0.0857143
3307 409 0.901734
3308 409 0.0982659
3309 136 0.75
3310 136 0.25
3311 190 0.01
3312 190 0.990001
3313 190 0.703125
3314 190 0.296875
3315 303 0.9
3316 303 0.1
3317 23 0.75
3318 23 0.25
3319 409 0.75
3320 409 0.25
3321 136 0.75
3322 136 0.25
3323 190 0.75
3324 190 0.25
3325 190 0.75
3326 190 0.25
3327 303 0.75
3328 303 0.25
3329 24 0.75
3330 24 0.25
3331 245 0.75
3332 245 0.25
3333 451 0.75
3334 451 0.25
3335 496 0.75
3336 496 0.25
3337 509 0.75
3338 509 0.25
3339 141 0.75
3340 141 0.25
3341 151 0.75
3342 151 0.25
3343 349 0.75
3344 349 0.25
3345 509 0.75
3346 509 0.25
3347 141 0.75
3348 141 0.25
3349 224 0.75
3350 224 0.25
3351 349 0.75
3352 349 0.25
3353 452 0.75
3354 452 0.25
3355 509 0.75
3356 509 0.25
3357 24 0.75
3358 24 0.25
3359 245 0.75
3360 245 0.25
3361 451 0.75
3362 451 0.25
3363 496 0.826087
3364 496 0.173913
3365 509 0.75
3366 509 0.25
3367 141 0.75
3368 141 0.25
3369 151 0.75
3370 151 0.25
3371 349 0.75
3372 349 0.25
3373 509 0.75
3374 509 0.25
3375 141 0.75
3376 141 0.25
3377 224 0.75
3378 224 0.25
3379 349 0.75
3380 349 0.25
3381 452 0.75
3382 452 0.25
3383 509 0.833333
3384 509 0.166667
3385 24 0.915094
3386 24 0.0849057
3387 245 0.8
3388 245 0.2
3389 451 0.941176
3390 451 0.0588235
3391 496 0.626374
3392 496 0.373626
3393 509 0.5
3394 509 0.5
3395 141 0.75
3396 141 0.25
3397 151 0.664234
3398 151 0.335766
3399 349 0.75
3400 349 0.25
3401 509 0.01
3402 509 0.990001
3403 141 0.944444
3404 141 0.0555556
3405 224 0.55
3406 224 0.45
3407 349 0.869565
3408 349 0.130435
3409 452 0.486111
3410 452 0.513889
3411 509 0.777778
3412 509 0.222222
3413 24 0.75
3414 24 0.25
3415 245 0.75
3416 245 0.25
3417 451 0.75
3418 451 0.25
3419 496 0.75
3420 496 0.25
3421 509 0.75
3422 509 0.25
3423 141 0.75
3424 141 0.25
3425 151 0.75
3426 151 0.25
3427 349 0.75
3428 349 0.25
3429 509 0.75
3430 509 0.25
3431 141 0.75
3432 141 0.25
3433 224 0.75
3434 224 0.25
3435 349 0.75
3436 349 0.25
3437 452 0.75
3438 452 0.25
3439 509 0.75
3440 509 0.25
3441 25 0.75
3442 25 0.25
3443 276 0.884615
3444 276 0.115385
3445 301 0.86
3446 301 0.14
3447 140 0.75
3448 140 0.25
3449 527 0.01
3450 527 0.990001
3451 557 0.770492
3452 557 0.229508
3453 140 0.75
3454 140 0.25
3455 527 0.844828
3456 527 0.155172
3457 557 0.01
3458 557 0.990001
3459 25 0.75
3460 25 0.25
3461 276 0.75
3462 276 0.25
3463 301 0.75
3464 301 0.25
3465 140 0.75
3466 140 0.25
3467 527 0.75
3468 527 0.25
3469 557 0.75
3470 557 0.25
3471 140 0.75
3472 140 0.25
3473 527 0.75
3474 527 0.25
3475 557 0.75
3476 557 0.25
3477 25 0.656716
3478 25 0.343284
3479 276 0.75
3480 276 0.25
3481 301 0.75
3482 301 0.25
3483 140 0.774194
3484 140 0.225806
3485 527 0.860215
3486 527 0.139785
3487 557 0.714286
3488 557 0.285714
3489 140 0.01
3490 140 0.990001
3491 527 0.01
3492 527 0.990001
3493 557 0.833333
3494 557 0.166667
3495 25 0.75
3496 25 0.25
3497 276 0.75
3498 276 0.25
3499 301 0.75
3500 301 0.25
3501 140 0.75
3502 140 0.25
3503 527 0.75
3504 527 0.25
3505 557 0.75
3506 557 0.25
3507 140 0.75
3508 140 0.25
3509 527 0.75
3510 527 0.25
3511 557 0.75
3512 557 0.25
3513 26 0.907407
3514 26 0.0925926
3515 228 0.75
3516 228 0.25
3517 322 0.75
3518 322 0.25
3519 460 0.75
3520 460 0.25
3521 463 0.75
3522 463 0.25
3523 132 0.75
3524 132 0.25
3525 404 0.75
3526 404 0.25
3527 450 0.75
3528 450 0.25
3529 476 0.888889
3530 476 0.111111
3531 94 0.75
3532 94 0.25
3533 464 0.807692
3534 464 0.192308
3535 26 0.75
3536 26 0.25
3537 228 0.75
3538 228 0.25
3539 322 0.75
3540 322 0.25
3541 460 0.75
3542 460 0.25
3543 463 0.75
3544 463 0.25
3545 132 0.75
3546 132 0.25
3547 404 0.75
3548 404 0.25
3549 450 0.75
3550 450 0.25
3551 476 0.75
3552 476 0.25
3553 94 0.75
3554 94 0.25
3555 464 0.75
3556 464 0.25
3557 26 0.75
3558 26 0.25
3559 228 0.931818
3560 228 0.0681818
3561 322 0.947368
3562 322 0.0526316
3563 460 0.887255
3564 460 0.112745
3565 463 0.886792
3566 463 0.113208
3567 132 0.954545
3568 132 0.0454545
3569 404 0.909091
3570 404 0.0909091
3571 450 0.823529
3572 450 0.176471
3573 476 0.802817
3574 476 0.197183
3575 94 0.775
3576 94 0.225
3577 464 0.824561
3578 464 0.175439
3579 26 0.75
3580 26 0.25
3581 228 0.75
3582 228 0.25
3583 322 0.75
3584 322 0.25
3585 460 0.75
3586 460 0.25
3587 463 0.75
3588 463 0.25
3589 132 0.75
3590 132 0.25
3591 404 0.75
3592 404 0.25
3593 450 0.75
3594 450 0.25
3595 476 0.75
3596 476 0.25
3597 94 0.75
3598 94 0.25
3599 464 0.75
3600 464 0.25
3601 27 0.478261
3602 27 0.521739
3603 64 0.75
3604 64 0.25
3605 89 0.75
3606 89 0.25
3607 197 0.266667
3608 197 0.733333
3609 249 0.75
3610 249 0.25
3611 328 0.421053
3612 328 0.578947
3613 51 0.75
3614 51 0.25
3615 156 0.581522
3616 156 0.418478
3617 196 0.671642
3618 196 0.328358
3619 198 0.466667
3620 198 0.533333
3621 51 0.75
3622 51 0.25
3623 114 0.703125
3624 114 0.296875
3625 121 0.655172
3626 121 0.344828
3627 144 0.510204
3628 144 0.489796
3629 155 0.530612
3630 155 0.469388
3631 402 0.72
3632 402 0.28
3633 425 0.333333
3634 425 0.666667
3635 27 0.75
3636 27 0.25
3637 64 0.181818
3638 64 0.818182
3639 89 0.75
3640 89 0.25
3641 197 0.75
3642 197 0.25
3643 249 0.75
3644 249 0.25
3645 328 0.75
3646 328 0.25
3647 51 0.01
3648 51 0.990001
3649 156 0.75
3650 156 0.25
3651 196 0.75
3652 196 0.25
3653 198 0.75
3654 198 0.25
3655 51 0.01
3656 51 0.990001
3657 114 0.75
3658 114 0.25
3659 121 0.75
3660 121 0.25
3661 144 0.75
3662 144 0.25
3663 155 0.75
3664 155 0.25
3665 402 0.75
3666 402 0.25
3667 425 0.75
3668 425 0.25
3669 27 0.75
3670 27 0.25
3671 64 0.567568
3672 64 0.432432
3673 89 0.930962
3674 89 0.0690376
3675 197 0.75
3676 197 0.25
3677 249 0.927152
3678 249 0.0728477
3679 328 0.75
3680 328 0.25
3681 51 0.01
3682 51 0.990001
3683 156 0.559322
3684 156 0.440678
3685 196 0.6
3686 196 0.4
3687 198 0.517241
3688 198 0.482759
3689 51 0.030303
3690 51 0.969697
3691 114 0.622642
3692 114 0.377358
3693 121 0.666667
3694 121 0.333333
3695 144 0.6875
3696 144 0.3125
3697 155 0.75
3698 155 0.25
3699 402 0.75
3700 402 0.25
3701 425 0.6
3702 425 0.4
3703 27 0.75
3704 27 0.25
3705 64 0.75
3706 64 0.25
3707 89 0.75
3708 89 0.25
3709 197 0.75
3710 197 0.25
3711 249 0.75
3712 249 0.25
3713 328 0.75
3714 328 0.25
3715 51 0.75
3716 51 0.25
3717 156 0.75
3718 156 0.25
3719 196 0.75
3720 196 0.25
3721 198 0.75
3722 198 0.25
3723 51 0.75
3724 51 0.25
3725 114 0.75
3726 114 0.25
3727 121 0.75
3728 121 0.25
3729 144 0.75
3730 144 0.25
3731 155 0.75
3732 155 0.25
3733 402 0.75
3734 402 0.25
3735 425 0.75
3736 425 0.25
3737 28 0.75
3738 28 0.25
3739 211 0.764706
3740 211 0.235294
3741 326 0.75
3742 326 0.25
3743 430 0.75
3744 430 0.25
3745 501 0.75
3746 501 0.25
3747 28 0.75
3748 28 0.25
3749 211 0.01
3750 211 0.990001
3751 326 0.75
3752 326 0.25
3753 430 0.75
3754 430 0.25
3755 501 0.75
3756 501 0.25
3757 531 0.75
3758 531 0.25
3759 115 0.787879
3760 115 0.212121
3761 172 0.75
3762 172 0.25
3763 215 0.8
3764 215 0.2
3765 28 0.01
3766 28 0.990001
3767 211 0.75
3768 211 0.25
3769 326 0.01
3770 326 0.990001
3771 430 0.75
3772 430 0.25
3773 501 0.75
3774 501 0.25
3775 28 0.489362
3776 28 0.510638
3777 211 0.75
3778 211 0.25
3779 326 0.711111
3780 326 0.288889
3781 430 0.75
3782 430 0.25
3783 501 0.75
3784 501 0.25
3785 531 0.75
3786 531 0.25
3787 115 0.75
3788 115 0.25
3789 172 0.822967
3790 172 0.177033
3791 215 0.75
3792 215 0.25
3793 28 0.454545
3794 28 0.545455
3795 211 0.6
3796 211 0.4
3797 326 0.416667
3798 326 0.583333
3799 430 0.01
3800 430 0.990001
3801 501 0.739496
3802 501 0.260504
3803 28 0.01
3804 28 0.990001
3805 211 0.6
3806 211 0.4
3807 326 0.777778
3808 326 0.222222
3809 430 0.52518
3810 430 0.47482
3811 501 0.01
3812 501 0.990001
3813 531 0.5875
3814 531 0.4125
3815 115 0.579832
3816 115 0.420168
3817 172 0.6
3818 172 0.4
3819 215 0.536723
3820 215 0.463277
3821 28 0.75
3822 28 0.25
3823 211 0.75
3824 211 0.25
3825 326 0.75
3826 326 0.25
3827 430 0.75
3828 430 0.25
3829 501 0.75
3830 501 0.25
3831 28 0.75
3832 28 0.25
3833 211 0.75
3834 211 0.25
3835 326 0.75
3836 326 0.25
3837 430 0.75
3838 430 0.25
3839 501 0.75
3840 501 0.25
3841 531 0.75
3842 531 0.25
3843 115 0.75
3844 115 0.25
3845 172 0.75
3846 172 0.25
3847 215 0.75
3848 215 0.25
3849 29 0.75
3850 29 0.25
3851 170 0.75
3852 170 0.25
3853 203 0.75
3854 203 0.25
3855 447 0.75
3856 447 0.25
3857 170 0.75
3858 170 0.25
3859 187 0.75
3860 187 0.25
3861 203 0.75
3862 203 0.25
3863 447 0.75
3864 447 0.25
3865 130 0.75
3866 130 0.25
3867 413 0.75
3868 413 0.25
3869 414 0.75
3870 414 0.25
3871 447 0.75
3872 447 0.25
3873 459 0.75
3874 459 0.25
3875 29 0.75
3876 29 0.25
3877 170 0.75
3878 170 0.25
3879 203 0.75
3880 203 0.25
3881 447 0.75
3882 447 0.25
3883 170 0.75
3884 170 0.25
3885 187 0.75
3886 187 0.25
3887 203 0.75
3888 203 0.25
3889 447 0.75
3890 447 0.25
3891 130 0.75
3892 130 0.25
3893 413 0.75
3894 413 0.25
3895 414 0.75
3896 414 0.25
3897 447 0.75
3898 447 0.25
3899 459 0.75
3900 459 0.25
3901 29 0.604651
3902 29 0.395349
3903 170 0.01
3904 170 0.990001
3905 203 0.01
3906 203 0.990001
3907 447 0.01
3908 447 0.990001
3909 170 0.621622
3910 170 0.378378
3911 187 0.875
3912 187 0.125
3913 203 0.433962
3914 203 0.566038
3915 447 0.551724
3916 447 0.448276
3917 130 0.857143
3918 130 0.142857
3919 413 0.8
3920 413 0.2
3921 414 0.783784
3922 414 0.216216
3923 447 0.357143
3924 447 0.642857
3925 459 0.624
3926 459 0.376
3927 29 0.75
3928 29 0.25
3929 170 0.75
3930 170 0.25
3931 203 0.75
3932 203 0.25
3933 447 0.75
3934 447 0.25
3935 170 0.75
3936 170 0.25
3937 187 0.75
3938 187 0.25
3939 203 0.75
3940 203 0.25
3941 447 0.75
3942 447 0.25
3943 130 0.75
3944 130 0.25
3945 413 0.75
3946 413 0.25
3947 414 0.75
3948 414 0.25
3949 447 0.75
3950 447 0.25
3951 459 0.75
3952 459 0.25
3953 30 0.944853
3954 30 0.0551471
3955 91 0.75
3956 91 0.25
3957 495 0.943437
3958 495 0.0565635
3959 42 0.758621
3960 42 0.241379
3961 229 0.759259
3962 229 0.240741
3963 259 0.810651
3964 259 0.189349
3965 553 0.757576
3966 553 0.242424
3967 70 0.659091
3968 70 0.340909
3969 325 0.542857
3970 325 0.457143
3971 559 0.575
3972 559 0.425
3973 571 0.69697
3974 571 0.30303
3975 30 0.75
3976 30 0.25
3977 91 0.966102
3978 91 0.0338983
3979 495 0.75
3980 495 0.25
3981 42 0.75
3982 42 0.25
3983 229 0.75
3984 229 0.25
3985 259 0.75
3986 259 0.25
3987 553 0.75
3988 553 0.25
3989 70 0.75
3990 70 0.25
3991 325 0.75
3992 325 0.25
3993 559 0.75
3994 559 0.25
3995 571 0.75
3996 571 0.25
3997 30 0.75
3998 30 0.25
3999 91 0.926702
4000 91 0.0732984
4001 495 0.75
4002 495 0.25
4003 42 0.75
4004 42 0.25
4005 229 0.741935
4006 229 0.258065
4007 259 0.705882
4008 259 0.294118
4009 553 0.73913
4010 553 0.26087
4011 70 0.75
4012 70 0.25
4013 325 0.6
4014 325 0.4
4015 559 0.5
4016 559 0.5
4017 571 0.675
4018 571 0.325
4019 30 0.75
4020 30 0.25
4021 91 0.75
4022 91 0.25
4023 495 0.75
4024 495 0.25
4025 42 0.75
4026 42 0.25
4027 229 0.75
4028 229 0.25
4029 259 0.75
4030 259 0.25
4031 553 0.75
4032 553 0.25
4033 70 0.75
4034 70 0.25
4035 325 0.75
4036 325 0.25
4037 559 0.75
4038 559 0.25
4039 571 0.75
4040 571 0.25
4041 31 0.75
4042 31 0.25
4043 277 0.692308
4044 277 0.307692
4045 95 0.75
4046 95 0.25
4047 237 0.933333
4048 237 0.0666667
4049 513 0.75
4050 513 0.25
4051 514 0.75
4052 514 0.25
4053 31 0.75
4054 31 0.25
4055 277 0.714286
4056 277 0.285714
4057 95 0.75
4058 95 0.25
4059 237 0.75
4060 237 0.25
4061 513 0.75
4062 513 0.25
4063 514 0.959184
4064 514 0.0408163
4065 31 0.453125
4066 31 0.546875
4067 277 0.642857
4068 277 0.357143
4069 95 0.908257
4070 95 0.0917431
4071 237 0.75
4072 237 0.25
4073 513 0.936585
4074 513 0.0634146
4075 514 0.947598
4076 514 0.0524017
4077 31 0.75
4078 31 0.25
4079 277 0.75
4080 277 0.25
4081 95 0.75
4082 95 0.25
4083 237 0.75
4084 237 0.25
4085 513 0.75
4086 513 0.25
4087 514 0.75
4088 514 0.25
4089 32 0.75
4090 32 0.25
4091 168 0.74026
4092 168 0.25974
4093 177 0.746269
4094 177 0.253731
4095 260 0.732824
4096 260 0.267176
4097 427 0.6875
4098 427 0.3125
4099 570 0.75
4100 570 0.25
4101 32 0.75
4102 32 0.25
4103 54 0.552632
4104 54 0.447368
4105 90 0.411765
4106 90 0.588235
4107 177 0.75
4108 177 0.25
4109 356 0.507042
4110 356 0.492958
4111 403 0.285714
4112 403 0.714286
4113 570 0.75
4114 570 0.25
4115 54 0.01
4116 54 0.990001
4117 66 0.75
4118 66 0.25
4119 90 0.01
4120 90 0.990001
4121 177 0.75
4122 177 0.25
4123 356 0.01
4124 356 0.990001
4125 403 0.01
4126 403 0.990001
4127 32 0.75
4128 32 0.25
4129 168 0.75
4130 168 0.25
4131 177 0.75
4132 177 0.25
4133 260 0.75
4134 260 0.25
4135 427 0.75
4136 427 0.25
4137 570 0.142857
4138 570 0.857143
4139 32 0.75
4140 32 0.25
4141 54 0.75
4142 54 0.25
4143 90 0.75
4144 90 0.25
4145 177 0.75
4146 177 0.25
4147 356 0.75
4148 356 0.25
4149 403 0.75
4150 403 0.25
4151 570 0.01
4152 570 0.990001
4153 54 0.75
4154 54 0.25
4155 66 0.884615
4156 66 0.115385
4157 90 0.75
4158 90 0.25
4159 177 0.75
4160 177 0.25
4161 356 0.75
4162 356 0.25
4163 403 0.75
4164 403 0.25
4165 32 0.01
4166 32 0.990001
4167 168 0.741573
4168 168 0.258427
4169 177 0.75
4170 177 0.25
4171 260 0.666667
4172 260 0.333333
4173 427 0.733333
4174 427 0.266667
4175 570 0.01
4176 570 0.990001
4177 32 0.454545
4178 32 0.545455
4179 54 0.75
4180 54 0.25
4181 90 0.342857
4182 90 0.657143
4183 177 0.75
4184 177 0.25
4185 356 0.444444
4186 356 0.555556
4187 403 0.01
4188 403 0.990001
4189 570 0.456522
4190 570 0.543478
4191 54 0.75
4192 54 0.25
4193 66 0.93131
4194 66 0.0686901
4195 90 0.01
4196 90 0.990001
4197 177 0.923077
4198 177 0.0769231
4199 356 0.01
4200 356 0.990001
4201 403 0.2
4202 403 0.8
4203 32 0.75
4204 32 0.25
4205 168 0.75
4206 168 0.25
4207 177 0.75
4208 177 0.25
4209 260 0.75
4210 260 0.25
4211 427 0.75
4212 427 0.25
4213 570 0.75
4214 570 0.25
4215 32 0.75
4216 32 0.25
4217 54 0.75
4218 54 0.25
4219 90 0.75
4220 90 0.25
4221 177 0.75
4222 177 0.25
4223 356 0.75
4224 356 0.25
4225 403 0.75
4226 403 0.25
4227 570 0.75
4228 570 0.25
4229 54 0.75
4230 54 0.25
4231 66 0.75
4232 66 0.25
4233 90 0.75
4234 90 0.25
4235 177 0.75
4236 177 0.25
4237 356 0.75
4238 356 0.25
4239 403 0.75
4240 403 0.25
4241 33 0.75
4242 33 0.25
4243 96 0.75
4244 96 0.25
4245 204 0.75
4246 204 0.25
4247 573 0.75
4248 573 0.25
4249 53 0.75
4250 53 0.25
4251 98 0.75
4252 98 0.25
4253 135 0.75
4254 135 0.25
4255 53 0.75
4256 53 0.25
4257 100 0.75
4258 100 0.25
4259 214 0.75
4260 214 0.25
4261 268 0.75
4262 268 0.25
4263 33 0.75
4264 33 0.25
4265 96 0.75
4266 96 0.25
4267 204 0.75
4268 204 0.25
4269 573 0.75
4270 573 0.25
4271 53 0.75
4272 53 0.25
4273 98 0.75
4274 98 0.25
4275 135 0.833333
4276 135 0.166667
4277 53 0.75
4278 53 0.25
4279 100 0.75
4280 100 0.25
4281 214 0.75
4282 214 0.25
4283 268 0.75
4284 268 0.25
4285 33 0.476744
4286 33 0.523256
4287 96 0.932692
4288 96 0.0673077
4289 204 0.92517
4290 204 0.0748299
4291 573 0.931035
4292 573 0.0689655
4293 53 0.415584
4294 53 0.584416
4295 98 0.690058
4296 98 0.309942
4297 135 0.82716
4298 135 0.17284
4299 53 0.01
4300 53 0.990001
4301 100 0.7
4302 100 0.3
4303 214 0.784615
4304 214 0.215385
4305 268 0.546392
4306 268 0.453608
4307 33 0.75
4308 33 0.25
4309 96 0.75
4310 96 0.25
4311 204 0.75
4312 204 0.25
4313 573 0.75
4314 573 0.25
4315 53 0.75
4316 53 0.25
4317 98 0.75
4318 98 0.25
4319 135 0.75
4320 135 0.25
4321 53 0.75
4322 53 0.25
4323 100 0.75
4324 100 0.25
4325 214 0.75
4326 214 0.25
4327 268 0.75
4328 268 0.25
4329 34 0.625
4330 34 0.375
4331 112 0.75
4332 112 0.25
4333 185 0.75
4334 185 0.25
4335 446 0.75
4336 446 0.25
4337 456 0.75
4338 456 0.25
4339 546 0.75
4340 546 0.25
4341 549 0.75
4342 549 0.25
4343 563 0.834586
4344 563 0.165414
4345 34 0.01
4346 34 0.990001
4347 112 0.75
4348 112 0.25
4349 194 0.75
4350 194 0.25
4351 330 0.75
4352 330 0.25
4353 446 0.75
4354 446 0.25
4355 456 0.75
4356 456 0.25
4357 546 0.75
4358 546 0.25
4359 549 0.823529
4360 549 0.176471
4361 563 0.01
4362 563 0.990001
4363 93 0.75
4364 93 0.25
4365 219 0.923077
4366 219 0.0769231
4367 246 0.75
4368 246 0.25
4369 324 0.842105
4370 324 0.157895
4371 439 0.75
4372 439 0.25
4373 440 0.64
4374 440 0.36
4375 510 0.625
4376 510 0.375
4377 34 0.75
4378 34 0.25
4379 112 0.75
4380 112 0.25
4381 185 0.75
4382 185 0.25
4383 446 0.75
4384 446 0.25
4385 456 0.75
4386 456 0.25
4387 546 0.75
4388 546 0.25
4389 549 0.75
4390 549 0.25
4391 563 0.75
4392 563 0.25
4393 34 0.75
4394 34 0.25
4395 112 0.75
4396 112 0.25
4397 194 0.75
4398 194 0.25
4399 330 0.75
4400 330 0.25
4401 446 0.75
4402 446 0.25
4403 456 0.75
4404 456 0.25
4405 546 0.75
4406 546 0.25
4407 549 0.75
4408 549 0.25
4409 563 0.75
4410 563 0.25
4411 93 0.75
4412 93 0.25
4413 219 0.75
4414 219 0.25
4415 246 0.75
4416 246 0.25
4417 324 0.75
4418 324 0.25
4419 439 0.75
4420 439 0.25
4421 440 0.75
4422 440 0.25
4423 510 0.75
4424 510 0.25
4425 34 0.75
4426 34 0.25
4427 112 0.75
4428 112 0.25
4429 185 0.54
4430 185 0.46
4431 446 0.767857
4432 446 0.232143
4433 456 0.775701
4434 456 0.224299
4435 546 0.01
4436 546 0.990001
4437 549 0.75
4438 549 0.25
4439 563 0.75
4440 563 0.25
4441 34 0.75
4442 34 0.25
4443 112 0.01
4444 112 0.990001
4445 194 0.767606
4446 194 0.232394
4447 330 0.682796
4448 330 0.317204
4449 446 0.01
4450 446 0.990001
4451 456 0.01
4452 456 0.990001
4453 546 0.796117
4454 546 0.203883
4455 549 0.75
4456 549 0.25
4457 563 0.75
4458 563 0.25
4459 93 0.826923
4460 93 0.173077
4461 219 0.818182
4462 219 0.181818
4463 246 0.69863
4464 246 0.30137
4465 324 0.770492
4466 324 0.229508
4467 439 0.721893
4468 439 0.278107
4469 440 0.554545
4470 440 0.445455
4471 510 0.672414
4472 510 0.327586
4473 34 0.75
4474 34 0.25
4475 112 0.75
4476 112 0.25
4477 185 0.75
4478 185 0.25
4479 446 0.75
4480 446 0.25
4481 456 0.75
4482 456 0.25
4483 546 0.75
4484 546 0.25
4485 549 0.75
4486 549 0.25
4487 563 0.75
4488 563 0.25
4489 34 0.75
4490 34 0.25
4491 112 0.75
4492 112 0.25
4493 194 0.75
4494 194 0.25
4495 330 0.75
4496 330 0.25
4497 446 0.75
4498 446 0.25
4499 456 0.75
4500 456 0.25
4501 546 0.75
4502 546 0.25
4503 549 0.75
4504 549 0.25
4505 563 0.75
4506 563 0.25
4507 93 0.75
4508 93 0.25
4509 219 0.75
4510 219 0.25
4511 246 0.75
4512 246 0.25
4513 324 0.75
4514 324 0.25
4515 439 0.75
4516 439 0.25
4517 440 0.75
4518 440 0.25
4519 510 0.75
4520 510 0.25
4521 35 0.929078
4522 35 0.070922
4523 210 0.75
4524 210 0.25
4525 284 0.75
4526 284 0.25
4527 352 0.75
4528 352 0.25
4529 481 0.75
4530 481 0.25
4531 569 0.75
4532 569 0.25
4533 574 0.945946
4534 574 0.0540541
4535 79 0.795918
4536 79 0.204082
4537 385 0.8
4538 385 0.2
4539 149 0.75
4540 149 0.25
4541 375 0.8
4542 375 0.2
4543 457 0.75
4544 457 0.25
4545 565 0.854839
4546 565 0.145161
4547 35 0.75
4548 35 0.25
4549 210 0.75
4550 210 0.25
4551 284 0.75
4552 284 0.25
4553 352 0.75
4554 352 0.25
4555 481 0.75
4556 481 0.25
4557 569 0.75
4558 569 0.25
4559 574 0.75
4560 574 0.25
4561 79 0.75
4562 79 0.25
4563 385 0.75
4564 385 0.25
4565 149 0.75
4566 149 0.25
4567 375 0.75
4568 375 0.25
4569 457 0.75
4570 457 0.25
4571 565 0.75
4572 565 0.25
4573 35 0.75
4574 35 0.25
4575 210 0.916667
4576 210 0.0833333
4577 284 0.92
4578 284 0.08
4579 352 0.896907
4580 352 0.103093
4581 481 0.944444
4582 481 0.0555556
4583 569 0.887324
4584 569 0.112676
4585 574 0.951219
4586 574 0.0487805
4587 79 0.80303
4588 79 0.19697
4589 385 0.833333
4590 385 0.166667
4591 149 0.892857
4592 149 0.107143
4593 375 0.777778
4594 375 0.222222
4595 457 0.9375
4596 457 0.0625
4597 565 0.786408
4598 565 0.213592
4599 35 0.75
4600 35 0.25
4601 210 0.75
4602 210 0.25
4603 284 0.75
4604 284 0.25
4605 352 0.75
4606 352 0.25
4607 481 0.75
4608 481 0.25
4609 569 0.75
4610 569 0.25
4611 574 0.75
4612 574 0.25
4613 79 0.75
4614 79 0.25
4615 385 0.75
4616 385 0.25
4617 149 0.75
4618 149 0.25
4619 375 0.75
4620 375 0.25
4621 457 0.75
4622 457 0.25
4623 565 0.75
4624 565 0.25
4625 36 0.722628
4626 36 0.277372
4627 139 0.708738
4628 139 0.291262
4629 180 0.75
4630 180 0.25
4631 192 0.75
4632 192 0.25
4633 261 0.75
4634 261 0.25
4635 547 0.75
4636 547 0.25
4637 83 0.536585
4638 83 0.463415
4639 106 0.117647
4640 106 0.882353
4641 192 0.75
4642 192 0.25
4643 309 0.75
4644 309 0.25
4645 315 0.75
4646 315 0.25
4647 171 0.595745
4648 171 0.404255
4649 192 0.75
4650 192 0.25
4651 309 0.75
4652 309 0.25
4653 315 0.75
4654 315 0.25
4655 544 0.552239
4656 544 0.447761
4657 36 0.75
4658 36 0.25
4659 139 0.75
4660 139 0.25
4661 180 0.75
4662 180 0.25
4663 192 0.75
4664 192 0.25
4665 261 0.75
4666 261 0.25
4667 547 0.75
4668 547 0.25
4669 83 0.75
4670 83 0.25
4671 106 0.75
4672 106 0.25
4673 192 0.75
4674 192 0.25
4675 309 0.75
4676 309 0.25
4677 315 0.75
4678 315 0.25
4679 171 0.75
4680 171 0.25
4681 192 0.75
4682 192 0.25
4683 309 0.75
4684 309 0.25
4685 315 0.75
4686 315 0.25
4687 544 0.75
4688 544 0.25
4689 36 0.75
4690 36 0.25
4691 139 0.75
4692 139 0.25
4693 180 0.766667
4694 180 0.233333
4695 192 0.747126
4696 192 0.252874
4697 261 0.854545
4698 261 0.145455
4699 547 0.805085
4700 547 0.194915
4701 83 0.75
4702 83 0.25
4703 106 0.75
4704 106 0.25
4705 192 0.01
4706 192 0.990001
4707 309 0.01
4708 309 0.990001
4709 315 0.311828
4710 315 0.688172
4711 171 0.75
4712 171 0.25
4713 192 0.631579
4714 192 0.368421
4715 309 0.578947
4716 309 0.421053
4717 315 0.603175
4718 315 0.396825
4719 544 0.75
4720 544 0.25
4721 36 0.75
4722 36 0.25
4723 139 0.75
4724 139 0.25
4725 180 0.75
4726 180 0.25
4727 192 0.75
4728 192 0.25
4729 261 0.75
4730 261 0.25
4731 547 0.75
4732 547 0.25
4733 83 0.75
4734 83 0.25
4735 106 0.75
4736 106 0.25
4737 192 0.75
4738 192 0.25
4739 309 0.75
4740 309 0.25
4741 315 0.75
4742 315 0.25
4743 171 0.75
4744 171 0.25
4745 192 0.75
4746 192 0.25
4747 309 0.75
4748 309 0.25
4749 315 0.75
4750 315 0.25
4751 544 0.75
4752 544 0.25
4753 37 0.75
4754 37 0.25
4755 113 0.75
4756 113 0.25
4757 333 0.75
4758 333 0.25
4759 365 0.8125
4760 365 0.1875
4761 378 0.75
4762 378 0.25
4763 437 0.75
4764 437 0.25
4765 152 0.75
4766 152 0.25
4767 248 0.75
4768 248 0.25
4769 329 0.75
4770 329 0.25
4771 333 0.75
4772 333 0.25
4773 458 0.75
4774 458 0.25
4775 487 0.769231
4776 487 0.230769
4777 152 0.75
4778 152 0.25
4779 308 0.4
4780 308 0.6
4781 329 0.75
4782 329 0.25
4783 333 0.75
4784 333 0.25
4785 458 0.75
4786 458 0.25
4787 487 0.75
4788 487 0.25
4789 37 0.01
4790 37 0.990001
4791 257 0.01
4792 257 0.990001
4793 37 0.707317
4794 37 0.292683
4795 257 0.01
4796 257 0.990001
4797 257 0.868852
4798 257 0.131148
4799 458 0.88785
4800 458 0.11215
4801 37 0.7875
4802 37 0.2125
4803 113 0.84127
4804 113 0.15873
4805 333 0.878788
4806 333 0.121212
4807 365 0.6875
4808 365 0.3125
4809 378 0.677019
4810 378 0.322981
4811 437 0.68254
4812 437 0.31746
4813 152 0.01
4814 152 0.990001
4815 248 0.620438
4816 248 0.379562
4817 329 0.666667
4818 329 0.333333
4819 333 0.5
4820 333 0.5
4821 458 0.5
4822 458 0.5
4823 487 0.662338
4824 487 0.337662
4825 152 0.843137
4826 152 0.156863
4827 308 0.604167
4828 308 0.395833
4829 329 0.01
4830 329 0.990001
4831 333 0.01
4832 333 0.990001
4833 458 0.857143
4834 458 0.142857
4835 487 0.01
4836 487 0.990001
4837 37 0.75
4838 37 0.25
4839 113 0.75
4840 113 0.25
4841 333 0.75
4842 333 0.25
4843 365 0.75
4844 365 0.25
4845 378 0.75
4846 378 0.25
4847 437 0.75
4848 437 0.25
4849 152 0.75
4850 152 0.25
4851 248 0.75
4852 248 0.25
4853 329 0.75
4854 329 0.25
4855 333 0.75
4856 333 0.25
4857 458 0.75
4858 458 0.25
4859 487 0.75
4860 487 0.25
4861 152 0.75
4862 152 0.25
4863 308 0.75
4864 308 0.25
4865 329 0.75
4866 329 0.25
4867 333 0.75
4868 333 0.25
4869 458 0.75
4870 458 0.25
4871 487 0.75
4872 487 0.25
4873 38 0.75
4874 38 0.25
4875 181 0.75
4876 181 0.25
4877 568 0.75
4878 568 0.25
4879 572 0.75
4880 572 0.25
4881 274 0.75
4882 274 0.25
4883 307 0.75
4884 307 0.25
4885 321 0.75
4886 321 0.25
4887 338 0.75
4888 338 0.25
4889 478 0.75
4890 478 0.25
4891 538 0.75
4892 538 0.25
4893 568 0.75
4894 568 0.25
4895 274 0.75
4896 274 0.25
4897 307 0.75
4898 307 0.25
4899 321 0.75
4900 321 0.25
4901 338 0.75
4902 338 0.25
4903 478 0.75
4904 478 0.25
4905 538 0.75
4906 538 0.25
4907 568 0.75
4908 568 0.25
4909 38 0.75
4910 38 0.25
4911 181 0.75
4912 181 0.25
4913 568 0.891304
4914 568 0.108696
4915 572 0.75
4916 572 0.25
4917 274 0.75
4918 274 0.25
4919 307 0.75
4920 307 0.25
4921 321 0.75
4922 321 0.25
4923 338 0.75
4924 338 0.25
4925 478 0.75
4926 478 0.25
4927 538 0.75
4928 538 0.25
4929 568 0.01
4930 568 0.990001
4931 274 0.75
4932 274 0.25
4933 307 0.75
4934 307 0.25
4935 321 0.75
4936 321 0.25
4937 338 0.75
4938 338 0.25
4939 478 0.75
4940 478 0.25
4941 538 0.75
4942 538 0.25
4943 568 0.01
4944 568 0.990001
4945 38 0.880952
4946 38 0.119048
4947 181 0.818182
4948 181 0.181818
4949 568 0.508197
4950 568 0.491803
4951 572 0.853846
4952 572 0.146154
4953 274 0.865979
4954 274 0.134021
4955 307 0.833333
4956 307 0.166667
4957 321 0.75
4958 321 0.25
4959 338 0.01
4960 338 0.990001
4961 478 0.767442
4962 478 0.232558
4963 538 0.792683
4964 538 0.207317
4965 568 0.01
4966 568 0.990001
4967 274 0.01
4968 274 0.990001
4969 307 0.75
4970 307 0.25
4971 321 0.928571
4972 321 0.0714286
4973 338 0.870968
4974 338 0.129032
4975 478 0.01
4976 478 0.990001
4977 538 0.01
4978 538 0.990001
4979 568 0.862745
4980 568 0.137255
4981 38 0.75
4982 38 0.25
4983 181 0.75
4984 181 0.25
4985 568 0.75
4986 568 0.25
4987 572 0.75
4988 572 0.25
4989 274 0.75
4990 274 0.25
4991 307 0.75
4992 307 0.25
4993 321 0.75
4994 321 0.25
4995 338 0.75
4996 338 0.25
4997 478 0.75
4998 478 0.25
4999 538 0.75
5000 538 0.25
5001 568 0.75
5002 568 0.25
5003 274 0.75
5004 274 0.25
5005 307 0.75
5006 307 0.25
5007 321 0.75
5008 321 0.25
5009 338 0.75
5010 338 0.25
5011 478 0.75
5012 478 0.25
5013 538 0.75
5014 538 0.25
5015 568 0.75
5016 568 0.25
