76
73
73
73
73
73
73
73
73
73
73
73
73
73
73
73
73
73
73
73
73
73
73
73
73
73
73
73
73
73
73
73
73
73
73
73
73
73
88
87
87
87
90
3740
3739
3739
3739
3739
3750
3764
3763
3763
3763
3763
2162
2161
2196
2208
4066
4065
4068
4067
4067
4076
4075
4075
4075
4075
4075
4075
4075
4075
4075
4075
4075
4075
4075
4075
4075
4075
4075
4075
2160
2159
2159
2159
2159
2159
2159
2159
2196
2208
2207
2207
2207
2556
2578
2577
2588
2558
2557
2557
2557
2557
2557
2557
2557
2557
2557
2557
2574
2573
2573
2573
2592
1790
1789
1814
1813
1813
1813
1813
1813
1813
1813
1813
1813
1813
1813
1813
1813
1813
1813
1813
1813
1813
1813
1813
1813
1826
74
80
77
77
77
77
77
77
77
77
77
90
89
3740
3739
3750
3760
3759
3759
3759
3759
3566
3565
3565
3565
3565
3565
3565
3565
3565
3565
3565
3565
3565
3565
3565
3565
3565
3565
3574
3573
3578
3577
3577
3577
4066
4068
4067
4067
4067
4074
4073
4073
4073
4073
4073
4073
4073
4073
4073
4073
4073
4073
4073
4073
4073
4073
302
301
326
325
325
325
342
341
2902
2910
2909
2909
2909
2909
2909
2909
2909
2914
2913
2913
2913
2913
2913
2913
2913
2913
2913
75
73
73
73
73
84
82
90
89
89
89
89
89
122
121
121
121
121
146
145
170
169
1278
1286
1285
1292
1291
1291
1291
1291
2162
2161
2161
2196
2195
2208
2207
2207
2207
2207
1942
1941
1952
1951
1951
1951
1951
1951
1951
1954
1953
1953
1953
1953
278
277
277
328
327
342
2902
2901
2901
2901
2901
2901
2901
2901
2901
2901
2901
2901
2910
2914
2913
2913
2913
2913
75
73
73
73
73
73
73
73
73
73
73
73
73
73
73
73
73
73
73
73
73
73
73
73
73
73
73
73
73
73
73
73
73
73
73
73
73
73
73
73
73
73
73
84
90
