1 0 0.55988
2 0 0.01
3 0 0.01
4 0 0.420127
5 42 0.25
6 42 0.25
7 42 0.25
8 42 0.25
9 42 0.01
10 42 0.871118
11 42 0.01
12 42 0.10889
13 55 0.01
14 55 0.01
15 55 0.918061
16 55 0.0619464
17 49 0.649783
18 49 0.350217
19 46 0.25
20 46 0.25
21 46 0.25
22 46 0.25
23 39 0.25
24 39 0.25
25 39 0.25
26 39 0.25
27 53 0.25
28 53 0.25
29 53 0.25
30 53 0.25
31 40 0.25
32 40 0.25
33 40 0.25
34 40 0.25
35 42 0.75
36 42 0.25
37 46 0.25
38 46 0.25
39 46 0.25
40 46 0.25
41 39 0.25
42 39 0.25
43 39 0.25
44 39 0.25
45 53 0.25
46 53 0.25
47 53 0.25
48 53 0.25
49 40 0.25
50 40 0.25
51 40 0.25
52 40 0.25
53 42 0.75
54 42 0.25
55 46 0.25
56 46 0.25
57 46 0.25
58 46 0.25
59 39 0.25
60 39 0.25
61 39 0.25
62 39 0.25
63 53 0.25
64 53 0.25
65 53 0.25
66 53 0.25
67 40 0.25
68 40 0.25
69 40 0.25
70 40 0.25
71 42 0.75
72 42 0.25
73 46 0.923803
74 46 0.01
75 46 0.01
76 46 0.0562033
77 39 0.885967
78 39 0.01
79 39 0.01
80 39 0.0940412
81 53 0.01
82 53 0.909018
83 53 0.01
84 53 0.07099
85 40 0.01
86 40 0.01
87 40 0.491818
88 40 0.48819
89 42 0.621479
90 42 0.378521
91 1 0.75
92 1 0.25
93 76 0.75
94 76 0.25
95 146 0.75
96 146 0.25
97 185 0.75
98 185 0.25
99 200 0.9
100 200 0.1
101 215 0.75
102 215 0.25
103 247 0.764706
104 247 0.235294
105 295 0.75
106 295 0.25
107 301 0.75
108 301 0.25
109 45 0.75
110 45 0.25
111 60 0.550847
112 60 0.449153
113 87 0.75
114 87 0.25
115 111 0.75
116 111 0.25
117 138 0.75
118 138 0.25
119 185 0.75
120 185 0.25
121 218 0.75
122 218 0.25
123 226 0.75
124 226 0.25
125 95 0.3
126 95 0.7
127 126 0.75
128 126 0.25
129 135 0.630137
130 135 0.369863
131 138 0.733333
132 138 0.266667
133 159 0.75
134 159 0.25
135 257 0.714286
136 257 0.285714
137 269 0.470588
138 269 0.529412
139 1 0.75
140 1 0.25
141 76 0.75
142 76 0.25
143 146 0.75
144 146 0.25
145 185 0.75
146 185 0.25
147 200 0.772727
148 200 0.227273
149 215 0.75
150 215 0.25
151 247 0.75
152 247 0.25
153 295 0.75
154 295 0.25
155 301 0.666667
156 301 0.333333
157 45 0.75
158 45 0.25
159 60 0.75
160 60 0.25
161 87 0.56
162 87 0.44
163 111 0.75
164 111 0.25
165 138 0.75
166 138 0.25
167 185 0.75
168 185 0.25
169 218 0.75
170 218 0.25
171 226 0.75
172 226 0.25
173 95 0.75
174 95 0.25
175 126 0.691011
176 126 0.308989
177 135 0.75
178 135 0.25
179 138 0.75
180 138 0.25
181 159 0.75
182 159 0.25
183 257 0.75
184 257 0.25
185 269 0.75
186 269 0.25
187 1 0.696063
188 1 0.303937
189 76 0.683721
190 76 0.316279
191 146 0.753994
192 146 0.246006
193 185 0.123077
194 185 0.876923
195 200 0.792793
196 200 0.207207
197 215 0.779851
198 215 0.220149
199 247 0.625
200 247 0.375
201 295 0.761194
202 295 0.238806
203 301 0.649913
204 301 0.350087
205 45 0.84
206 45 0.16
207 60 0.722022
208 60 0.277978
209 87 0.544554
210 87 0.455446
211 111 0.83871
212 111 0.16129
213 138 0.815789
214 138 0.184211
215 185 0.760956
216 185 0.239044
217 218 0.565217
218 218 0.434783
219 226 0.665377
220 226 0.334623
221 95 0.534483
222 95 0.465517
223 126 0.436782
224 126 0.563218
225 135 0.54386
226 135 0.45614
227 138 0.602941
228 138 0.397059
229 159 0.701493
230 159 0.298507
231 257 0.634731
232 257 0.365269
233 269 0.60041
234 269 0.39959
235 1 0.75
236 1 0.25
237 76 0.75
238 76 0.25
239 146 0.75
240 146 0.25
241 185 0.75
242 185 0.25
243 200 0.75
244 200 0.25
245 215 0.75
246 215 0.25
247 247 0.75
248 247 0.25
249 295 0.75
250 295 0.25
251 301 0.75
252 301 0.25
253 45 0.75
254 45 0.25
255 60 0.75
256 60 0.25
257 87 0.75
258 87 0.25
259 111 0.75
260 111 0.25
261 138 0.75
262 138 0.25
263 185 0.75
264 185 0.25
265 218 0.75
266 218 0.25
267 226 0.75
268 226 0.25
269 95 0.75
270 95 0.25
271 126 0.75
272 126 0.25
273 135 0.75
274 135 0.25
275 138 0.75
276 138 0.25
277 159 0.75
278 159 0.25
279 257 0.75
280 257 0.25
281 269 0.75
282 269 0.25
283 2 0.75
284 2 0.25
285 67 0.944444
286 67 0.0555556
287 107 0.75
288 107 0.25
289 112 0.75
290 112 0.25
291 139 0.75
292 139 0.25
293 140 0.75
294 140 0.25
295 148 0.75
296 148 0.25
297 152 0.75
298 152 0.25
299 166 0.928571
300 166 0.0714286
301 168 0.75
302 168 0.25
303 172 0.75
304 172 0.25
305 183 0.75
306 183 0.25
307 186 0.75
308 186 0.25
309 193 0.75
310 193 0.25
311 194 0.75
312 194 0.25
313 202 0.75
314 202 0.25
315 224 0.75
316 224 0.25
317 227 0.75
318 227 0.25
319 229 0.75
320 229 0.25
321 254 0.75
322 254 0.25
323 265 0.75
324 265 0.25
325 266 0.75
326 266 0.25
327 275 0.75
328 275 0.25
329 276 0.75
330 276 0.25
331 278 0.75
332 278 0.25
333 279 0.75
334 279 0.25
335 310 0.75
336 310 0.25
337 313 0.75
338 313 0.25
339 315 0.75
340 315 0.25
341 318 0.75
342 318 0.25
343 327 0.75
344 327 0.25
345 333 0.710526
346 333 0.289474
347 334 0.75
348 334 0.25
349 44 0.916667
350 44 0.0833333
351 142 0.75
352 142 0.25
353 170 0.75
354 170 0.25
355 205 0.75
356 205 0.25
357 223 0.75
358 223 0.25
359 228 0.75
360 228 0.25
361 258 0.75
362 258 0.25
363 282 0.75
364 282 0.25
365 288 0.75
366 288 0.25
367 294 0.807018
368 294 0.192982
369 296 0.75
370 296 0.25
371 316 0.8
372 316 0.2
373 228 0.75
374 228 0.25
375 304 0.769231
376 304 0.230769
377 305 0.857143
378 305 0.142857
379 308 0.75
380 308 0.25
381 309 0.816327
382 309 0.183673
383 2 0.75
384 2 0.25
385 67 0.75
386 67 0.25
387 107 0.75
388 107 0.25
389 112 0.75
390 112 0.25
391 139 0.956522
392 139 0.0434783
393 140 0.75
394 140 0.25
395 148 0.75
396 148 0.25
397 152 0.75
398 152 0.25
399 166 0.75
400 166 0.25
401 168 0.75
402 168 0.25
403 172 0.75
404 172 0.25
405 183 0.75
406 183 0.25
407 186 0.75
408 186 0.25
409 193 0.75
410 193 0.25
411 194 0.75
412 194 0.25
413 202 0.75
414 202 0.25
415 224 0.75
416 224 0.25
417 227 0.75
418 227 0.25
419 229 0.75
420 229 0.25
421 254 0.75
422 254 0.25
423 265 0.75
424 265 0.25
425 266 0.75
426 266 0.25
427 275 0.75
428 275 0.25
429 276 0.75
430 276 0.25
431 278 0.75
432 278 0.25
433 279 0.75
434 279 0.25
435 310 0.87234
436 310 0.12766
437 313 0.923077
438 313 0.0769231
439 318 0.9375
440 318 0.0625
441 327 0.916667
442 327 0.0833333
443 333 0.75
444 333 0.25
445 334 0.75
446 334 0.25
447 44 0.75
448 44 0.25
449 142 0.75
450 142 0.25
451 170 0.75
452 170 0.25
453 205 0.75
454 205 0.25
455 223 0.833333
456 223 0.166667
457 228 0.75
458 228 0.25
459 258 0.75
460 258 0.25
461 282 0.75
462 282 0.25
463 288 0.75
464 288 0.25
465 294 0.777778
466 294 0.222222
467 296 0.736842
468 296 0.263158
469 316 0.75
470 316 0.25
471 228 0.811594
472 228 0.188406
473 304 0.75
474 304 0.25
475 305 0.75
476 305 0.25
477 308 0.75
478 308 0.25
479 309 0.75
480 309 0.25
481 2 0.909091
482 2 0.0909091
483 67 0.75
484 67 0.25
485 107 0.947368
486 107 0.0526316
487 112 0.94382
488 112 0.0561798
489 139 0.75
490 139 0.25
491 140 0.953846
492 140 0.0461539
493 148 0.944444
494 148 0.0555556
495 152 0.923077
496 152 0.0769231
497 166 0.75
498 166 0.25
499 168 0.928571
500 168 0.0714286
501 172 0.9375
502 172 0.0625
503 183 0.941176
504 183 0.0588235
505 186 0.96
506 186 0.04
507 193 0.96
508 193 0.04
509 194 0.888889
510 194 0.111111
511 202 0.928571
512 202 0.0714286
513 224 0.96875
514 224 0.03125
515 227 0.944444
516 227 0.0555556
517 229 0.928571
518 229 0.0714286
519 254 0.93617
520 254 0.0638298
521 265 0.912621
522 265 0.0873787
523 266 0.926829
524 266 0.0731707
525 275 0.957447
526 275 0.0425532
527 276 0.877193
528 276 0.122807
529 278 0.874286
530 278 0.125714
531 279 0.902439
532 279 0.097561
533 310 0.87013
534 310 0.12987
535 313 0.865741
536 313 0.134259
537 315 0.944444
538 315 0.0555556
539 318 0.865591
540 318 0.134409
541 327 0.914894
542 327 0.0851064
543 333 0.806061
544 333 0.193939
545 334 0.911765
546 334 0.0882353
547 44 0.75
548 44 0.25
549 142 0.862069
550 142 0.137931
551 170 0.913043
552 170 0.0869565
553 205 0.871795
554 205 0.128205
555 223 0.75
556 223 0.25
557 228 0.809524
558 228 0.190476
559 258 0.893939
560 258 0.106061
561 282 0.888889
562 282 0.111111
563 288 0.90625
564 288 0.09375
565 294 0.795396
566 294 0.204604
567 296 0.73545
568 296 0.26455
569 316 0.751381
570 316 0.248619
571 228 0.579439
572 228 0.420561
573 304 0.724138
574 304 0.275862
575 305 0.818182
576 305 0.181818
577 308 0.646617
578 308 0.353383
579 309 0.793296
580 309 0.206704
581 2 0.75
582 2 0.25
583 67 0.75
584 67 0.25
585 107 0.75
586 107 0.25
587 112 0.75
588 112 0.25
589 139 0.75
590 139 0.25
591 140 0.75
592 140 0.25
593 148 0.75
594 148 0.25
595 152 0.75
596 152 0.25
597 166 0.75
598 166 0.25
599 168 0.75
600 168 0.25
601 172 0.75
602 172 0.25
603 183 0.75
604 183 0.25
605 186 0.75
606 186 0.25
607 193 0.75
608 193 0.25
609 194 0.75
610 194 0.25
611 202 0.75
612 202 0.25
613 224 0.75
614 224 0.25
615 227 0.75
616 227 0.25
617 229 0.75
618 229 0.25
619 254 0.75
620 254 0.25
621 265 0.75
622 265 0.25
623 266 0.75
624 266 0.25
625 275 0.75
626 275 0.25
627 276 0.75
628 276 0.25
629 278 0.75
630 278 0.25
631 279 0.75
632 279 0.25
633 310 0.75
634 310 0.25
635 313 0.75
636 313 0.25
637 315 0.75
638 315 0.25
639 318 0.75
640 318 0.25
641 327 0.75
642 327 0.25
643 333 0.75
644 333 0.25
645 334 0.75
646 334 0.25
647 44 0.75
648 44 0.25
649 142 0.75
650 142 0.25
651 170 0.75
652 170 0.25
653 205 0.75
654 205 0.25
655 223 0.75
656 223 0.25
657 228 0.75
658 228 0.25
659 258 0.75
660 258 0.25
661 282 0.75
662 282 0.25
663 288 0.75
664 288 0.25
665 294 0.75
666 294 0.25
667 296 0.75
668 296 0.25
669 316 0.75
670 316 0.25
671 228 0.75
672 228 0.25
673 304 0.75
674 304 0.25
675 305 0.75
676 305 0.25
677 308 0.75
678 308 0.25
679 309 0.75
680 309 0.25
681 3 0.75
682 3 0.25
683 241 0.75
684 241 0.25
685 303 0.75
686 303 0.25
687 306 0.75
688 306 0.25
689 322 0.925926
690 322 0.0740741
691 346 0.75
692 346 0.25
693 104 0.75
694 104 0.25
695 216 0.75
696 216 0.25
697 306 0.75
698 306 0.25
699 52 0.75
700 52 0.25
701 72 0.75
702 72 0.25
703 104 0.75
704 104 0.25
705 306 0.75
706 306 0.25
707 337 0.75
708 337 0.25
709 342 0.75
710 342 0.25
711 3 0.75
712 3 0.25
713 241 0.892857
714 241 0.107143
715 303 0.868421
716 303 0.131579
717 306 0.857143
718 306 0.142857
719 322 0.9
720 322 0.1
721 346 0.835294
722 346 0.164706
723 104 0.796296
724 104 0.203704
725 216 0.84127
726 216 0.15873
727 306 0.915254
728 306 0.0847458
729 52 0.642857
730 52 0.357143
731 72 0.919355
732 72 0.0806452
733 104 0.75
734 104 0.25
735 306 0.538462
736 306 0.461538
737 337 0.669421
738 337 0.330579
739 342 0.920398
740 342 0.079602
741 3 0.92
742 3 0.08
743 241 0.809524
744 241 0.190476
745 303 0.846154
746 303 0.153846
747 306 0.75
748 306 0.25
749 322 0.75
750 322 0.25
751 346 0.724409
752 346 0.275591
753 104 0.612903
754 104 0.387097
755 216 0.762712
756 216 0.237288
757 306 0.75
758 306 0.25
759 52 0.87234
760 52 0.12766
761 72 0.75
762 72 0.25
763 104 0.01
764 104 0.990001
765 306 0.75
766 306 0.25
767 337 0.690141
768 337 0.309859
769 342 0.75
770 342 0.25
771 3 0.75
772 3 0.25
773 241 0.75
774 241 0.25
775 303 0.75
776 303 0.25
777 306 0.75
778 306 0.25
779 322 0.75
780 322 0.25
781 346 0.75
782 346 0.25
783 104 0.75
784 104 0.25
785 216 0.75
786 216 0.25
787 306 0.75
788 306 0.25
789 52 0.75
790 52 0.25
791 72 0.75
792 72 0.25
793 104 0.75
794 104 0.25
795 306 0.75
796 306 0.25
797 337 0.75
798 337 0.25
799 342 0.75
800 342 0.25
801 4 0.714286
802 4 0.285714
803 91 0.719298
804 91 0.280702
805 157 0.75
806 157 0.25
807 196 0.681818
808 196 0.318182
809 289 0.75
810 289 0.25
811 4 0.75
812 4 0.25
813 91 0.75
814 91 0.25
815 157 0.75
816 157 0.25
817 196 0.75
818 196 0.25
819 289 0.75
820 289 0.25
821 4 0.728477
822 4 0.271523
823 91 0.544444
824 91 0.455556
825 157 0.84
826 157 0.16
827 196 0.689189
828 196 0.310811
829 289 0.805556
830 289 0.194444
831 4 0.75
832 4 0.25
833 91 0.75
834 91 0.25
835 157 0.75
836 157 0.25
837 196 0.75
838 196 0.25
839 289 0.75
840 289 0.25
841 5 0.75
842 5 0.25
843 364 0.75
844 364 0.25
845 82 0.75
846 82 0.25
847 151 0.75
848 151 0.25
849 5 0.75
850 5 0.25
851 364 0.909091
852 364 0.0909091
853 82 0.75
854 82 0.25
855 151 0.8
856 151 0.2
857 5 0.977778
858 5 0.0222222
859 364 0.814815
860 364 0.185185
861 82 0.613208
862 82 0.386792
863 151 0.672
864 151 0.328
865 5 0.75
866 5 0.25
867 364 0.75
868 364 0.25
869 82 0.75
870 82 0.25
871 151 0.75
872 151 0.25
873 6 0.75
874 6 0.25
875 323 0.555556
876 323 0.444444
877 48 0.666667
878 48 0.333333
879 259 0.75
880 259 0.25
881 63 0.75
882 63 0.25
883 150 0.75
884 150 0.25
885 187 0.75
886 187 0.25
887 190 0.75
888 190 0.25
889 343 0.75
890 343 0.25
891 6 0.75
892 6 0.25
893 323 0.75
894 323 0.25
895 48 0.75
896 48 0.25
897 259 0.75
898 259 0.25
899 63 0.75
900 63 0.25
901 150 0.75
902 150 0.25
903 187 0.75
904 187 0.25
905 190 0.75
906 190 0.25
907 343 0.75
908 343 0.25
909 6 0.813433
910 6 0.186567
911 323 0.677233
912 323 0.322767
913 48 0.650246
914 48 0.349754
915 259 0.650602
916 259 0.349398
917 63 0.75
918 63 0.25
919 150 0.795918
920 150 0.204082
921 187 0.596154
922 187 0.403846
923 190 0.83237
924 190 0.16763
925 343 0.669355
926 343 0.330645
927 6 0.75
928 6 0.25
929 323 0.75
930 323 0.25
931 48 0.75
932 48 0.25
933 259 0.75
934 259 0.25
935 63 0.75
936 63 0.25
937 150 0.75
938 150 0.25
939 187 0.75
940 187 0.25
941 190 0.75
942 190 0.25
943 343 0.75
944 343 0.25
945 7 0.75
946 7 0.25
947 79 0.75
948 79 0.25
949 125 0.75
950 125 0.25
951 261 0.75
952 261 0.25
953 262 0.75
954 262 0.25
955 7 0.75
956 7 0.25
957 79 0.75
958 79 0.25
959 125 0.75
960 125 0.25
961 261 0.75
962 261 0.25
963 262 0.75
964 262 0.25
965 7 0.706061
966 7 0.293939
967 79 0.467033
968 79 0.532967
969 125 0.9
970 125 0.1
971 261 0.588608
972 261 0.411392
973 262 0.569444
974 262 0.430556
975 7 0.75
976 7 0.25
977 79 0.75
978 79 0.25
979 125 0.75
980 125 0.25
981 261 0.75
982 261 0.25
983 262 0.75
984 262 0.25
985 8 0.75
986 8 0.25
987 365 0.715789
988 365 0.284211
989 96 0.75
990 96 0.25
991 163 0.557377
992 163 0.442623
993 96 0.75
994 96 0.25
995 239 0.75
996 239 0.25
997 271 0.75
998 271 0.25
999 286 0.689655
1000 286 0.310345
1001 350 0.75
1002 350 0.25
1003 8 0.75
1004 8 0.25
1005 365 0.75
1006 365 0.25
1007 96 0.75
1008 96 0.25
1009 163 0.75
1010 163 0.25
1011 96 0.75
1012 96 0.25
1013 239 0.75
1014 239 0.25
1015 271 0.75
1016 271 0.25
1017 286 0.75
1018 286 0.25
1019 350 0.75
1020 350 0.25
1021 8 0.375
1022 8 0.625
1023 365 0.277778
1024 365 0.722222
1025 96 0.01
1026 96 0.990001
1027 163 0.490909
1028 163 0.509091
1029 96 0.662162
1030 96 0.337838
1031 239 0.933333
1032 239 0.0666667
1033 271 0.916667
1034 271 0.0833333
1035 286 0.709677
1036 286 0.290323
1037 350 0.818182
1038 350 0.181818
1039 8 0.75
1040 8 0.25
1041 365 0.75
1042 365 0.25
1043 96 0.75
1044 96 0.25
1045 163 0.75
1046 163 0.25
1047 96 0.75
1048 96 0.25
1049 239 0.75
1050 239 0.25
1051 271 0.75
1052 271 0.25
1053 286 0.75
1054 286 0.25
1055 350 0.75
1056 350 0.25
1057 9 0.75
1058 9 0.25
1059 122 0.75
1060 122 0.25
1061 144 0.930233
1062 144 0.0697674
1063 161 0.75
1064 161 0.25
1065 162 0.75
1066 162 0.25
1067 171 0.75
1068 171 0.25
1069 176 0.75
1070 176 0.25
1071 213 0.75
1072 213 0.25
1073 217 0.75
1074 217 0.25
1075 299 0.9
1076 299 0.1
1077 345 0.75
1078 345 0.25
1079 354 0.904762
1080 354 0.0952381
1081 363 0.772727
1082 363 0.227273
1083 59 0.75
1084 59 0.25
1085 94 0.652174
1086 94 0.347826
1087 59 0.75
1088 59 0.25
1089 184 0.384615
1090 184 0.615385
1091 9 0.75
1092 9 0.25
1093 122 0.75
1094 122 0.25
1095 144 0.75
1096 144 0.25
1097 161 0.830986
1098 161 0.169014
1099 162 0.75
1100 162 0.25
1101 171 0.936842
1102 171 0.0631579
1103 176 0.846154
1104 176 0.153846
1105 213 0.75
1106 213 0.25
1107 217 0.75
1108 217 0.25
1109 299 0.75
1110 299 0.25
1111 345 0.75
1112 345 0.25
1113 354 0.75
1114 354 0.25
1115 363 0.851064
1116 363 0.148936
1117 59 0.01
1118 59 0.990001
1119 94 0.7625
1120 94 0.2375
1121 59 0.924731
1122 59 0.0752688
1123 184 0.654545
1124 184 0.345455
1125 9 0.923077
1126 9 0.0769231
1127 122 0.96
1128 122 0.04
1129 144 0.75
1130 144 0.25
1131 161 0.75
1132 161 0.25
1133 162 0.952381
1134 162 0.047619
1135 171 0.814815
1136 171 0.185185
1137 176 0.913043
1138 176 0.0869565
1139 213 0.952381
1140 213 0.047619
1141 217 0.860465
1142 217 0.139535
1143 299 0.933333
1144 299 0.0666667
1145 345 0.875
1146 345 0.125
1147 354 0.75
1148 354 0.25
1149 363 0.897196
1150 363 0.102804
1151 59 0.75
1152 59 0.25
1153 94 0.698113
1154 94 0.301887
1155 59 0.75
1156 59 0.25
1157 184 0.567568
1158 184 0.432432
1159 9 0.75
1160 9 0.25
1161 122 0.75
1162 122 0.25
1163 144 0.75
1164 144 0.25
1165 161 0.75
1166 161 0.25
1167 162 0.75
1168 162 0.25
1169 171 0.75
1170 171 0.25
1171 176 0.75
1172 176 0.25
1173 213 0.75
1174 213 0.25
1175 217 0.75
1176 217 0.25
1177 299 0.75
1178 299 0.25
1179 345 0.75
1180 345 0.25
1181 354 0.75
1182 354 0.25
1183 363 0.75
1184 363 0.25
1185 59 0.75
1186 59 0.25
1187 94 0.75
1188 94 0.25
1189 59 0.75
1190 59 0.25
1191 184 0.75
1192 184 0.25
1193 10 0.75
1194 10 0.25
1195 108 0.75
1196 108 0.25
1197 160 0.75
1198 160 0.25
1199 235 0.75
1200 235 0.25
1201 236 0.75
1202 236 0.25
1203 237 0.75
1204 237 0.25
1205 311 0.75
1206 311 0.25
1207 352 0.75
1208 352 0.25
1209 43 0.75
1210 43 0.25
1211 237 0.75
1212 237 0.25
1213 324 0.75
1214 324 0.25
1215 358 0.75
1216 358 0.25
1217 78 0.75
1218 78 0.25
1219 10 0.895349
1220 10 0.104651
1221 108 0.95
1222 108 0.05
1223 160 0.869565
1224 160 0.130435
1225 235 0.831283
1226 235 0.168717
1227 236 0.898438
1228 236 0.101562
1229 237 0.857143
1230 237 0.142857
1231 311 0.71564
1232 311 0.28436
1233 352 0.906542
1234 352 0.0934579
1235 43 0.8
1236 43 0.2
1237 237 0.769841
1238 237 0.230159
1239 324 0.622093
1240 324 0.377907
1241 358 0.8
1242 358 0.2
1243 78 0.772083
1244 78 0.227917
1245 10 0.75
1246 10 0.25
1247 108 0.75
1248 108 0.25
1249 160 0.75
1250 160 0.25
1251 235 0.5
1252 235 0.5
1253 236 0.75
1254 236 0.25
1255 237 0.2
1256 237 0.8
1257 311 0.290323
1258 311 0.709677
1259 352 0.75
1260 352 0.25
1261 43 0.833333
1262 43 0.166667
1263 237 0.75
1264 237 0.25
1265 324 0.633803
1266 324 0.366197
1267 358 0.4
1268 358 0.6
1269 78 0.444444
1270 78 0.555556
1271 10 0.75
1272 10 0.25
1273 108 0.75
1274 108 0.25
1275 160 0.75
1276 160 0.25
1277 235 0.75
1278 235 0.25
1279 236 0.75
1280 236 0.25
1281 237 0.75
1282 237 0.25
1283 311 0.75
1284 311 0.25
1285 352 0.75
1286 352 0.25
1287 43 0.75
1288 43 0.25
1289 237 0.75
1290 237 0.25
1291 324 0.75
1292 324 0.25
1293 358 0.75
1294 358 0.25
1295 78 0.75
1296 78 0.25
1297 11 0.75
1298 11 0.25
1299 268 0.642857
1300 268 0.357143
1301 56 0.714286
1302 56 0.285714
1303 332 0.75
1304 332 0.25
1305 70 0.75
1306 70 0.25
1307 137 0.75
1308 137 0.25
1309 173 0.642857
1310 173 0.357143
1311 11 0.75
1312 11 0.25
1313 268 0.75
1314 268 0.25
1315 56 0.75
1316 56 0.25
1317 332 0.75
1318 332 0.25
1319 70 0.75
1320 70 0.25
1321 137 0.75
1322 137 0.25
1323 173 0.75
1324 173 0.25
1325 11 0.77027
1326 11 0.22973
1327 268 0.783951
1328 268 0.216049
1329 56 0.738255
1330 56 0.261745
1331 332 0.694444
1332 332 0.305556
1333 70 0.681818
1334 70 0.318182
1335 137 0.783333
1336 137 0.216667
1337 173 0.708812
1338 173 0.291188
1339 11 0.75
1340 11 0.25
1341 268 0.75
1342 268 0.25
1343 56 0.75
1344 56 0.25
1345 332 0.75
1346 332 0.25
1347 70 0.75
1348 70 0.25
1349 137 0.75
1350 137 0.25
1351 173 0.75
1352 173 0.25
1353 12 0.75
1354 12 0.25
1355 12 0.01
1356 12 0.990001
1357 12 0.01
1358 12 0.990001
1359 12 0.75
1360 12 0.25
1361 12 0.75
1362 12 0.25
1363 12 0.75
1364 12 0.25
1365 12 0.01
1366 12 0.990001
1367 12 0.01
1368 12 0.990001
1369 12 0.9
1370 12 0.1
1371 12 0.75
1372 12 0.25
1373 12 0.75
1374 12 0.25
1375 12 0.75
1376 12 0.25
1377 13 0.75
1378 13 0.25
1379 88 0.75
1380 88 0.25
1381 234 0.788235
1382 234 0.211765
1383 242 0.75
1384 242 0.25
1385 277 0.75
1386 277 0.25
1387 285 0.903846
1388 285 0.0961539
1389 329 0.75
1390 329 0.25
1391 336 0.75
1392 336 0.25
1393 338 0.75
1394 338 0.25
1395 349 0.75
1396 349 0.25
1397 149 0.619835
1398 149 0.380165
1399 182 0.75
1400 182 0.25
1401 233 0.75
1402 233 0.25
1403 338 0.75
1404 338 0.25
1405 339 0.75
1406 339 0.25
1407 47 0.75
1408 47 0.25
1409 61 0.5
1410 61 0.5
1411 149 0.75
1412 149 0.25
1413 222 0.75
1414 222 0.25
1415 255 0.639535
1416 255 0.360465
1417 13 0.944444
1418 13 0.0555556
1419 88 0.75
1420 88 0.25
1421 234 0.75
1422 234 0.25
1423 242 0.928571
1424 242 0.0714286
1425 277 0.75
1426 277 0.25
1427 285 0.9
1428 285 0.1
1429 329 0.871795
1430 329 0.128205
1431 336 0.815789
1432 336 0.184211
1433 338 0.75
1434 338 0.25
1435 349 0.72807
1436 349 0.27193
1437 149 0.75
1438 149 0.25
1439 182 0.909091
1440 182 0.0909091
1441 233 0.834559
1442 233 0.165441
1443 338 0.75
1444 338 0.25
1445 339 0.673077
1446 339 0.326923
1447 47 0.90566
1448 47 0.0943396
1449 61 0.75
1450 61 0.25
1451 149 0.75
1452 149 0.25
1453 222 0.863071
1454 222 0.136929
1455 255 0.770408
1456 255 0.229592
1457 13 0.75
1458 13 0.25
1459 88 0.888889
1460 88 0.111111
1461 234 0.75
1462 234 0.25
1463 242 0.75
1464 242 0.25
1465 277 0.819277
1466 277 0.180723
1467 285 0.8
1468 285 0.2
1469 329 0.75
1470 329 0.25
1471 336 0.691542
1472 336 0.308458
1473 338 0.955556
1474 338 0.0444444
1475 349 0.616099
1476 349 0.383901
1477 149 0.697391
1478 149 0.302609
1479 182 0.75
1480 182 0.25
1481 233 0.867257
1482 233 0.132743
1483 338 0.75
1484 338 0.25
1485 339 0.75
1486 339 0.25
1487 47 0.75
1488 47 0.25
1489 61 0.507042
1490 61 0.492958
1491 149 0.01
1492 149 0.990001
1493 222 0.75
1494 222 0.25
1495 255 0.673729
1496 255 0.326271
1497 13 0.75
1498 13 0.25
1499 88 0.75
1500 88 0.25
1501 234 0.75
1502 234 0.25
1503 242 0.75
1504 242 0.25
1505 277 0.75
1506 277 0.25
1507 285 0.75
1508 285 0.25
1509 329 0.75
1510 329 0.25
1511 336 0.75
1512 336 0.25
1513 338 0.75
1514 338 0.25
1515 349 0.75
1516 349 0.25
1517 149 0.75
1518 149 0.25
1519 182 0.75
1520 182 0.25
1521 233 0.75
1522 233 0.25
1523 338 0.75
1524 338 0.25
1525 339 0.75
1526 339 0.25
1527 47 0.75
1528 47 0.25
1529 61 0.75
1530 61 0.25
1531 149 0.75
1532 149 0.25
1533 222 0.75
1534 222 0.25
1535 255 0.75
1536 255 0.25
1537 14 0.833333
1538 14 0.166667
1539 320 0.666667
1540 320 0.333333
1541 86 0.75
1542 86 0.25
1543 103 0.972222
1544 103 0.0277778
1545 127 0.75
1546 127 0.25
1547 175 0.944444
1548 175 0.0555556
1549 195 0.75
1550 195 0.25
1551 201 0.75
1552 201 0.25
1553 210 0.75
1554 210 0.25
1555 272 0.75
1556 272 0.25
1557 273 0.75
1558 273 0.25
1559 297 0.75
1560 297 0.25
1561 319 0.888889
1562 319 0.111111
1563 320 0.75
1564 320 0.25
1565 14 0.75
1566 14 0.25
1567 320 0.571429
1568 320 0.428571
1569 86 0.75
1570 86 0.25
1571 103 0.75
1572 103 0.25
1573 127 0.75
1574 127 0.25
1575 175 0.75
1576 175 0.25
1577 195 0.75
1578 195 0.25
1579 201 0.956522
1580 201 0.0434783
1581 210 0.75
1582 210 0.25
1583 240 0.923077
1584 240 0.0769231
1585 273 0.75
1586 273 0.25
1587 297 0.75
1588 297 0.25
1589 320 0.75
1590 320 0.25
1591 14 0.430556
1592 14 0.569444
1593 320 0.696296
1594 320 0.303704
1595 86 0.965517
1596 86 0.0344828
1597 103 0.75
1598 103 0.25
1599 127 0.928571
1600 127 0.0714286
1601 175 0.9375
1602 175 0.0625
1603 195 0.944444
1604 195 0.0555556
1605 201 0.894737
1606 201 0.105263
1607 210 0.92
1608 210 0.08
1609 272 0.935484
1610 272 0.0645161
1611 273 0.916667
1612 273 0.0833333
1613 297 0.905405
1614 297 0.0945946
1615 319 0.848
1616 319 0.152
1617 320 0.777778
1618 320 0.222222
1619 14 0.75
1620 14 0.25
1621 320 0.75
1622 320 0.25
1623 86 0.75
1624 86 0.25
1625 103 0.75
1626 103 0.25
1627 127 0.75
1628 127 0.25
1629 175 0.75
1630 175 0.25
1631 195 0.75
1632 195 0.25
1633 201 0.75
1634 201 0.25
1635 210 0.75
1636 210 0.25
1637 272 0.75
1638 272 0.25
1639 273 0.75
1640 273 0.25
1641 297 0.75
1642 297 0.25
1643 319 0.75
1644 319 0.25
1645 320 0.75
1646 320 0.25
1647 15 0.835294
1648 15 0.164706
1649 68 0.714286
1650 68 0.285714
1651 353 0.714286
1652 353 0.285714
1653 147 0.75
1654 147 0.25
1655 321 0.545455
1656 321 0.454545
1657 15 0.75
1658 15 0.25
1659 68 0.75
1660 68 0.25
1661 353 0.75
1662 353 0.25
1663 147 0.75
1664 147 0.25
1665 321 0.75
1666 321 0.25
1667 15 0.824645
1668 15 0.175355
1669 68 0.657895
1670 68 0.342105
1671 353 0.652174
1672 353 0.347826
1673 147 0.857143
1674 147 0.142857
1675 321 0.514706
1676 321 0.485294
1677 15 0.75
1678 15 0.25
1679 68 0.75
1680 68 0.25
1681 353 0.75
1682 353 0.25
1683 147 0.75
1684 147 0.25
1685 321 0.75
1686 321 0.25
1687 16 0.742647
1688 16 0.257353
1689 74 0.75
1690 74 0.25
1691 84 0.840864
1692 84 0.159136
1693 143 0.75
1694 143 0.25
1695 50 0.530612
1696 50 0.469388
1697 74 0.75
1698 74 0.25
1699 141 0.538462
1700 141 0.461538
1701 158 0.742647
1702 158 0.257353
1703 74 0.75
1704 74 0.25
1705 81 0.687783
1706 81 0.312217
1707 156 0.428571
1708 156 0.571429
1709 158 0.01
1710 158 0.990001
1711 16 0.75
1712 16 0.25
1713 74 0.75
1714 74 0.25
1715 84 0.75
1716 84 0.25
1717 143 0.214286
1718 143 0.785714
1719 50 0.75
1720 50 0.25
1721 74 0.75
1722 74 0.25
1723 141 0.388889
1724 141 0.611111
1725 158 0.75
1726 158 0.25
1727 74 0.75
1728 74 0.25
1729 81 0.75
1730 81 0.25
1731 156 0.01
1732 156 0.990001
1733 158 0.75
1734 158 0.25
1735 16 0.75
1736 16 0.25
1737 74 0.783019
1738 74 0.216981
1739 84 0.75
1740 84 0.25
1741 143 0.829146
1742 143 0.170854
1743 50 0.666667
1744 50 0.333333
1745 74 0.01
1746 74 0.990001
1747 141 0.780142
1748 141 0.219858
1749 158 0.764706
1750 158 0.235294
1751 74 0.01
1752 74 0.990001
1753 81 0.632353
1754 81 0.367647
1755 156 0.741667
1756 156 0.258333
1757 158 0.01
1758 158 0.990001
1759 16 0.75
1760 16 0.25
1761 74 0.75
1762 74 0.25
1763 84 0.75
1764 84 0.25
1765 143 0.75
1766 143 0.25
1767 50 0.75
1768 50 0.25
1769 74 0.75
1770 74 0.25
1771 141 0.75
1772 141 0.25
1773 158 0.75
1774 158 0.25
1775 74 0.75
1776 74 0.25
1777 81 0.75
1778 81 0.25
1779 156 0.75
1780 156 0.25
1781 158 0.75
1782 158 0.25
1783 17 0.75
1784 17 0.25
1785 167 0.75
1786 167 0.25
1787 206 0.75
1788 206 0.25
1789 209 0.75
1790 209 0.25
1791 212 0.75
1792 212 0.25
1793 238 0.75
1794 238 0.25
1795 260 0.75
1796 260 0.25
1797 292 0.6
1798 292 0.4
1799 17 0.75
1800 17 0.25
1801 167 0.75
1802 167 0.25
1803 206 0.75
1804 206 0.25
1805 209 0.75
1806 209 0.25
1807 212 0.75
1808 212 0.25
1809 238 0.75
1810 238 0.25
1811 260 0.75
1812 260 0.25
1813 292 0.6
1814 292 0.4
1815 93 0.75
1816 93 0.25
1817 292 0.6
1818 292 0.4
1819 17 0.75
1820 17 0.25
1821 167 0.75
1822 167 0.25
1823 206 0.75
1824 206 0.25
1825 209 0.01
1826 209 0.990001
1827 212 0.75
1828 212 0.25
1829 238 0.757353
1830 238 0.242647
1831 260 0.75
1832 260 0.25
1833 292 0.75
1834 292 0.25
1835 17 0.75
1836 17 0.25
1837 167 0.75
1838 167 0.25
1839 206 0.75
1840 206 0.25
1841 209 0.692308
1842 209 0.307692
1843 212 0.941176
1844 212 0.0588235
1845 238 0.01
1846 238 0.990001
1847 260 0.75
1848 260 0.25
1849 292 0.75
1850 292 0.25
1851 93 0.827957
1852 93 0.172043
1853 292 0.813433
1854 292 0.186567
1855 17 0.75
1856 17 0.25
1857 167 0.75
1858 167 0.25
1859 206 0.75
1860 206 0.25
1861 209 0.01
1862 209 0.990001
1863 212 0.75
1864 212 0.25
1865 238 0.01
1866 238 0.990001
1867 260 0.01
1868 260 0.990001
1869 292 0.01
1870 292 0.990001
1871 17 0.956522
1872 17 0.0434783
1873 167 0.923077
1874 167 0.0769231
1875 206 0.942029
1876 206 0.057971
1877 209 0.714286
1878 209 0.285714
1879 212 0.75
1880 212 0.25
1881 238 0.775362
1882 238 0.224638
1883 260 0.837037
1884 260 0.162963
1885 292 0.01
1886 292 0.990001
1887 93 0.75
1888 93 0.25
1889 292 0.661538
1890 292 0.338462
1891 17 0.75
1892 17 0.25
1893 167 0.75
1894 167 0.25
1895 206 0.75
1896 206 0.25
1897 209 0.75
1898 209 0.25
1899 212 0.75
1900 212 0.25
1901 238 0.75
1902 238 0.25
1903 260 0.75
1904 260 0.25
1905 292 0.75
1906 292 0.25
1907 17 0.75
1908 17 0.25
1909 167 0.75
1910 167 0.25
1911 206 0.75
1912 206 0.25
1913 209 0.75
1914 209 0.25
1915 212 0.75
1916 212 0.25
1917 238 0.75
1918 238 0.25
1919 260 0.75
1920 260 0.25
1921 292 0.75
1922 292 0.25
1923 93 0.75
1924 93 0.25
1925 292 0.75
1926 292 0.25
1927 18 0.75
1928 18 0.25
1929 124 0.75
1930 124 0.25
1931 359 0.75
1932 359 0.25
1933 124 0.75
1934 124 0.25
1935 359 0.75
1936 359 0.25
1937 18 0.809524
1938 18 0.190476
1939 115 0.827338
1940 115 0.172662
1941 115 0.01
1942 115 0.990001
1943 18 0.657895
1944 18 0.342105
1945 124 0.01
1946 124 0.990001
1947 359 0.01
1948 359 0.990001
1949 124 0.742857
1950 124 0.257143
1951 359 0.714286
1952 359 0.285714
1953 18 0.75
1954 18 0.25
1955 124 0.75
1956 124 0.25
1957 359 0.75
1958 359 0.25
1959 124 0.75
1960 124 0.25
1961 359 0.75
1962 359 0.25
1963 19 0.87013
1964 19 0.12987
1965 41 0.75
1966 41 0.25
1967 97 0.01
1968 97 0.990001
1969 123 0.01
1970 123 0.990001
1971 58 0.705882
1972 58 0.294118
1973 97 0.840426
1974 97 0.159574
1975 123 0.846154
1976 123 0.153846
1977 244 0.75
1978 244 0.25
1979 58 0.01
1980 58 0.990001
1981 114 0.506667
1982 114 0.493333
1983 41 0.598291
1984 41 0.401709
1985 246 0.585714
1986 246 0.414286
1987 64 0.670175
1988 64 0.329825
1989 264 0.719807
1990 264 0.280193
1991 106 0.869177
1992 106 0.130823
1993 128 0.908879
1994 128 0.0911215
1995 19 0.75
1996 19 0.25
1997 41 0.68
1998 41 0.32
1999 97 0.01
2000 97 0.990001
2001 123 0.835897
2002 123 0.164103
2003 58 0.680556
2004 58 0.319444
2005 97 0.855491
2006 97 0.144509
2007 123 0.01
2008 123 0.990001
2009 244 0.853659
2010 244 0.146341
2011 58 0.01
2012 58 0.990001
2013 114 0.495652
2014 114 0.504348
2015 19 0.75
2016 19 0.25
2017 41 0.75
2018 41 0.25
2019 97 0.75
2020 97 0.25
2021 123 0.75
2022 123 0.25
2023 58 0.75
2024 58 0.25
2025 97 0.75
2026 97 0.25
2027 123 0.75
2028 123 0.25
2029 244 0.75
2030 244 0.25
2031 58 0.75
2032 58 0.25
2033 114 0.75
2034 114 0.25
2035 90 0.75
2036 90 0.25
2037 164 0.75
2038 164 0.25
2039 179 0.75
2040 179 0.25
2041 180 0.75
2042 180 0.25
2043 188 0.75
2044 188 0.25
2045 232 0.75
2046 232 0.25
2047 243 0.75
2048 243 0.25
2049 293 0.75
2050 293 0.25
2051 351 0.75
2052 351 0.25
2053 69 0.75
2054 69 0.25
2055 181 0.75
2056 181 0.25
2057 232 0.75
2058 232 0.25
2059 245 0.75
2060 245 0.25
2061 356 0.75
2062 356 0.25
2063 153 0.75
2064 153 0.25
2065 250 0.75
2066 250 0.25
2067 90 0.75
2068 90 0.25
2069 164 0.75
2070 164 0.25
2071 179 0.75
2072 179 0.25
2073 180 0.75
2074 180 0.25
2075 188 0.75
2076 188 0.25
2077 232 0.545455
2078 232 0.454545
2079 243 0.928571
2080 243 0.0714286
2081 293 0.942857
2082 293 0.0571429
2083 351 0.670103
2084 351 0.329897
2085 69 0.580645
2086 69 0.419355
2087 181 0.75
2088 181 0.25
2089 232 0.01
2090 232 0.990001
2091 245 0.652778
2092 245 0.347222
2093 356 0.75
2094 356 0.25
2095 20 0.601504
2096 20 0.398496
2097 90 0.962963
2098 90 0.037037
2099 164 0.88
2100 164 0.12
2101 179 0.935484
2102 179 0.0645161
2103 180 0.857143
2104 180 0.142857
2105 188 0.907407
2106 188 0.0925926
2107 232 0.666667
2108 232 0.333333
2109 243 0.747126
2110 243 0.252874
2111 293 0.826087
2112 293 0.173913
2113 351 0.652778
2114 351 0.347222
2115 69 0.864
2116 69 0.136
2117 181 0.927536
2118 181 0.0724638
2119 232 0.37931
2120 232 0.62069
2121 245 0.723684
2122 245 0.276316
2123 356 0.928571
2124 356 0.0714286
2125 153 0.721311
2126 153 0.278689
2127 250 0.642336
2128 250 0.357664
2129 90 0.75
2130 90 0.25
2131 164 0.75
2132 164 0.25
2133 179 0.75
2134 179 0.25
2135 180 0.75
2136 180 0.25
2137 188 0.75
2138 188 0.25
2139 232 0.75
2140 232 0.25
2141 243 0.75
2142 243 0.25
2143 293 0.75
2144 293 0.25
2145 351 0.75
2146 351 0.25
2147 69 0.75
2148 69 0.25
2149 181 0.75
2150 181 0.25
2151 232 0.75
2152 232 0.25
2153 245 0.75
2154 245 0.25
2155 356 0.75
2156 356 0.25
2157 153 0.75
2158 153 0.25
2159 250 0.75
2160 250 0.25
2161 21 0.01
2162 21 0.990001
2163 75 0.75
2164 75 0.25
2165 21 0.771552
2166 21 0.228448
2167 89 0.75
2168 89 0.25
2169 89 0.75
2170 89 0.25
2171 100 0.721053
2172 100 0.278947
2173 21 0.75
2174 21 0.25
2175 75 0.75
2176 75 0.25
2177 21 0.75
2178 21 0.25
2179 89 0.75
2180 89 0.25
2181 89 0.75
2182 89 0.25
2183 100 0.75
2184 100 0.25
2185 21 0.75
2186 21 0.25
2187 75 0.845109
2188 75 0.154891
2189 21 0.75
2190 21 0.25
2191 89 0.71066
2192 89 0.28934
2193 89 0.01
2194 89 0.990001
2195 100 0.75
2196 100 0.25
2197 21 0.75
2198 21 0.25
2199 75 0.75
2200 75 0.25
2201 21 0.75
2202 21 0.25
2203 89 0.75
2204 89 0.25
2205 89 0.75
2206 89 0.25
2207 100 0.75
2208 100 0.25
2209 22 0.75
2210 22 0.25
2211 284 0.75
2212 284 0.25
2213 344 0.75
2214 344 0.25
2215 22 0.75
2216 22 0.25
2217 284 0.75
2218 284 0.25
2219 344 0.75
2220 344 0.25
2221 98 0.75
2222 98 0.25
2223 22 0.75
2224 22 0.25
2225 284 0.75
2226 284 0.25
2227 344 0.75
2228 344 0.25
2229 22 0.75
2230 22 0.25
2231 284 0.75
2232 284 0.25
2233 344 0.75
2234 344 0.25
2235 98 0.75
2236 98 0.25
2237 22 0.01
2238 22 0.990001
2239 284 0.815789
2240 284 0.184211
2241 344 0.842391
2242 344 0.157609
2243 22 0.727273
2244 22 0.272727
2245 284 0.01
2246 284 0.990001
2247 344 0.01
2248 344 0.990001
2249 98 0.886525
2250 98 0.113475
2251 22 0.75
2252 22 0.25
2253 284 0.75
2254 284 0.25
2255 344 0.75
2256 344 0.25
2257 22 0.75
2258 22 0.25
2259 284 0.75
2260 284 0.25
2261 344 0.75
2262 344 0.25
2263 98 0.75
2264 98 0.25
2265 23 0.2
2266 23 0.8
2267 225 0.75
2268 225 0.25
2269 231 0.333333
2270 231 0.666667
2271 231 0.789474
2272 231 0.210526
2273 23 0.75
2274 23 0.25
2275 225 0.75
2276 225 0.25
2277 231 0.75
2278 231 0.25
2279 231 0.75
2280 231 0.25
2281 23 0.705882
2282 23 0.294118
2283 225 0.825688
2284 225 0.174312
2285 231 0.8
2286 231 0.2
2287 231 0.583333
2288 231 0.416667
2289 23 0.75
2290 23 0.25
2291 225 0.75
2292 225 0.25
2293 231 0.75
2294 231 0.25
2295 231 0.75
2296 231 0.25
2297 24 0.75
2298 24 0.25
2299 136 0.75
2300 136 0.25
2301 154 0.75
2302 154 0.25
2303 219 0.75
2304 219 0.25
2305 230 0.75
2306 230 0.25
2307 24 0.75
2308 24 0.25
2309 136 0.75
2310 136 0.25
2311 154 0.75
2312 154 0.25
2313 219 0.75
2314 219 0.25
2315 230 0.75
2316 230 0.25
2317 24 0.75
2318 24 0.25
2319 136 0.75
2320 136 0.25
2321 154 0.75
2322 154 0.25
2323 219 0.75
2324 219 0.25
2325 230 0.75
2326 230 0.25
2327 325 0.75
2328 325 0.25
2329 326 0.75
2330 326 0.25
2331 347 0.75
2332 347 0.25
2333 24 0.75
2334 24 0.25
2335 136 0.75
2336 136 0.25
2337 154 0.75
2338 154 0.25
2339 219 0.75
2340 219 0.25
2341 230 0.75
2342 230 0.25
2343 24 0.75
2344 24 0.25
2345 136 0.75
2346 136 0.25
2347 154 0.75
2348 154 0.25
2349 219 0.75
2350 219 0.25
2351 230 0.75
2352 230 0.25
2353 24 0.75
2354 24 0.25
2355 136 0.75
2356 136 0.25
2357 154 0.75
2358 154 0.25
2359 219 0.75
2360 219 0.25
2361 230 0.911111
2362 230 0.0888889
2363 326 0.75
2364 326 0.25
2365 24 0.75
2366 24 0.25
2367 136 0.75
2368 136 0.25
2369 154 0.75
2370 154 0.25
2371 219 0.80292
2372 219 0.19708
2373 230 0.01
2374 230 0.990001
2375 24 0.75
2376 24 0.25
2377 136 0.75
2378 136 0.25
2379 154 0.75
2380 154 0.25
2381 219 0.01
2382 219 0.990001
2383 230 0.414634
2384 230 0.585366
2385 24 0.952381
2386 24 0.047619
2387 136 0.888889
2388 136 0.111111
2389 154 0.935484
2390 154 0.0645161
2391 219 0.01
2392 219 0.990001
2393 230 0.849315
2394 230 0.150685
2395 325 0.933333
2396 325 0.0666667
2397 326 0.846154
2398 326 0.153846
2399 347 0.880952
2400 347 0.119048
2401 24 0.75
2402 24 0.25
2403 136 0.75
2404 136 0.25
2405 154 0.75
2406 154 0.25
2407 219 0.75
2408 219 0.25
2409 230 0.75
2410 230 0.25
2411 24 0.75
2412 24 0.25
2413 136 0.75
2414 136 0.25
2415 154 0.75
2416 154 0.25
2417 219 0.75
2418 219 0.25
2419 230 0.75
2420 230 0.25
2421 24 0.75
2422 24 0.25
2423 136 0.75
2424 136 0.25
2425 154 0.75
2426 154 0.25
2427 219 0.75
2428 219 0.25
2429 230 0.75
2430 230 0.25
2431 325 0.75
2432 325 0.25
2433 326 0.75
2434 326 0.25
2435 347 0.75
2436 347 0.25
2437 25 0.75
2438 25 0.25
2439 131 0.845528
2440 131 0.154472
2441 367 0.75
2442 367 0.25
2443 25 0.75
2444 25 0.25
2445 131 0.01
2446 131 0.990001
2447 367 0.75
2448 367 0.25
2449 25 0.777778
2450 25 0.222222
2451 249 0.857143
2452 249 0.142857
2453 366 0.76087
2454 366 0.23913
2455 367 0.75
2456 367 0.25
2457 25 0.75
2458 25 0.25
2459 131 0.75
2460 131 0.25
2461 367 0.75
2462 367 0.25
2463 25 0.75
2464 25 0.25
2465 131 0.75
2466 131 0.25
2467 367 0.75
2468 367 0.25
2469 25 0.75
2470 25 0.25
2471 249 0.75
2472 249 0.25
2473 366 0.75
2474 366 0.25
2475 367 0.75
2476 367 0.25
2477 25 0.75
2478 25 0.25
2479 131 0.723684
2480 131 0.276316
2481 367 0.75
2482 367 0.25
2483 25 0.75
2484 25 0.25
2485 131 0.01
2486 131 0.990001
2487 367 0.85
2488 367 0.15
2489 25 0.75
2490 25 0.25
2491 249 0.8
2492 249 0.2
2493 366 0.791667
2494 366 0.208333
2495 367 0.75
2496 367 0.25
2497 25 0.75
2498 25 0.25
2499 131 0.75
2500 131 0.25
2501 367 0.75
2502 367 0.25
2503 25 0.75
2504 25 0.25
2505 131 0.75
2506 131 0.25
2507 367 0.75
2508 367 0.25
2509 25 0.75
2510 25 0.25
2511 249 0.75
2512 249 0.25
2513 366 0.75
2514 366 0.25
2515 367 0.75
2516 367 0.25
2517 26 0.75
2518 26 0.25
2519 133 0.75
2520 133 0.25
2521 307 0.75
2522 307 0.25
2523 362 0.827586
2524 362 0.172414
2525 105 0.965517
2526 105 0.0344828
2527 211 0.75
2528 211 0.25
2529 314 0.75
2530 314 0.25
2531 113 0.8
2532 113 0.2
2533 267 0.75
2534 267 0.25
2535 307 0.833333
2536 307 0.166667
2537 26 0.75
2538 26 0.25
2539 133 0.75
2540 133 0.25
2541 307 0.75
2542 307 0.25
2543 362 0.75
2544 362 0.25
2545 105 0.75
2546 105 0.25
2547 211 0.75
2548 211 0.25
2549 314 0.75
2550 314 0.25
2551 113 0.75
2552 113 0.25
2553 267 0.75
2554 267 0.25
2555 307 0.75
2556 307 0.25
2557 26 0.907692
2558 26 0.0923077
2559 133 0.944444
2560 133 0.0555556
2561 307 0.9
2562 307 0.1
2563 362 0.723214
2564 362 0.276786
2565 105 0.945946
2566 105 0.0540541
2567 211 0.923077
2568 211 0.0769231
2569 314 0.833333
2570 314 0.166667
2571 113 0.83871
2572 113 0.16129
2573 267 0.958333
2574 267 0.0416667
2575 307 0.707965
2576 307 0.292035
2577 26 0.75
2578 26 0.25
2579 133 0.75
2580 133 0.25
2581 307 0.75
2582 307 0.25
2583 362 0.75
2584 362 0.25
2585 105 0.75
2586 105 0.25
2587 211 0.75
2588 211 0.25
2589 314 0.75
2590 314 0.25
2591 113 0.75
2592 113 0.25
2593 267 0.75
2594 267 0.25
2595 307 0.75
2596 307 0.25
2597 51 0.75
2598 51 0.25
2599 73 0.76161
2600 73 0.23839
2601 102 0.65625
2602 102 0.34375
2603 197 0.586207
2604 197 0.413793
2605 27 0.651584
2606 27 0.348416
2607 51 0.75
2608 51 0.25
2609 169 0.442623
2610 169 0.557377
2611 51 0.75
2612 51 0.25
2613 92 0.622549
2614 92 0.377451
2615 177 0.651282
2616 177 0.348718
2617 51 0.75
2618 51 0.25
2619 73 0.75
2620 73 0.25
2621 102 0.75
2622 102 0.25
2623 197 0.181818
2624 197 0.818182
2625 27 0.75
2626 27 0.25
2627 51 0.75
2628 51 0.25
2629 169 0.1
2630 169 0.9
2631 51 0.75
2632 51 0.25
2633 92 0.75
2634 92 0.25
2635 177 0.526316
2636 177 0.473684
2637 51 0.751938
2638 51 0.248062
2639 73 0.75
2640 73 0.25
2641 102 0.8
2642 102 0.2
2643 197 0.839357
2644 197 0.160643
2645 27 0.458333
2646 27 0.541667
2647 51 0.01
2648 51 0.990001
2649 169 0.454545
2650 169 0.545455
2651 51 0.01
2652 51 0.990001
2653 92 0.6
2654 92 0.4
2655 177 0.653846
2656 177 0.346154
2657 51 0.75
2658 51 0.25
2659 73 0.75
2660 73 0.25
2661 102 0.75
2662 102 0.25
2663 197 0.75
2664 197 0.25
2665 27 0.75
2666 27 0.25
2667 51 0.75
2668 51 0.25
2669 169 0.75
2670 169 0.25
2671 51 0.75
2672 51 0.25
2673 92 0.75
2674 92 0.25
2675 177 0.75
2676 177 0.25
2677 28 0.75
2678 28 0.25
2679 189 0.714286
2680 189 0.285714
2681 203 0.75
2682 203 0.25
2683 252 0.75
2684 252 0.25
2685 253 0.75
2686 253 0.25
2687 116 0.75
2688 116 0.25
2689 132 0.75
2690 132 0.25
2691 189 0.714286
2692 189 0.285714
2693 203 0.75
2694 203 0.25
2695 252 0.75
2696 252 0.25
2697 253 0.75
2698 253 0.25
2699 283 0.866667
2700 283 0.133333
2701 116 0.75
2702 116 0.25
2703 132 0.75
2704 132 0.25
2705 189 0.714286
2706 189 0.285714
2707 203 0.75
2708 203 0.25
2709 252 0.75
2710 252 0.25
2711 253 0.75
2712 253 0.25
2713 283 0.01
2714 283 0.990001
2715 28 0.793651
2716 28 0.206349
2717 189 0.01
2718 189 0.990001
2719 203 0.75
2720 203 0.25
2721 252 0.01
2722 252 0.990001
2723 253 0.75
2724 253 0.25
2725 116 0.75
2726 116 0.25
2727 132 0.75
2728 132 0.25
2729 189 0.01
2730 189 0.990001
2731 203 0.01
2732 203 0.990001
2733 252 0.01
2734 252 0.990001
2735 253 0.75
2736 253 0.25
2737 283 0.75
2738 283 0.25
2739 116 0.75
2740 116 0.25
2741 132 0.75
2742 132 0.25
2743 189 0.590909
2744 189 0.409091
2745 203 0.826087
2746 203 0.173913
2747 252 0.828571
2748 252 0.171429
2749 253 0.75
2750 253 0.25
2751 283 0.75
2752 283 0.25
2753 28 0.629252
2754 28 0.370748
2755 189 0.75
2756 189 0.25
2757 203 0.01
2758 203 0.990001
2759 252 0.01
2760 252 0.990001
2761 253 0.75
2762 253 0.25
2763 116 0.795455
2764 116 0.204545
2765 132 0.8
2766 132 0.2
2767 189 0.75
2768 189 0.25
2769 203 0.01
2770 203 0.990001
2771 252 0.01
2772 252 0.990001
2773 253 0.01
2774 253 0.990001
2775 283 0.75
2776 283 0.25
2777 116 0.01
2778 116 0.990001
2779 132 0.01
2780 132 0.990001
2781 189 0.75
2782 189 0.25
2783 203 0.55814
2784 203 0.44186
2785 252 0.833333
2786 252 0.166667
2787 253 0.66087
2788 253 0.33913
2789 283 0.75
2790 283 0.25
2791 28 0.75
2792 28 0.25
2793 189 0.75
2794 189 0.25
2795 203 0.75
2796 203 0.25
2797 252 0.75
2798 252 0.25
2799 253 0.75
2800 253 0.25
2801 116 0.75
2802 116 0.25
2803 132 0.75
2804 132 0.25
2805 189 0.75
2806 189 0.25
2807 203 0.75
2808 203 0.25
2809 252 0.75
2810 252 0.25
2811 253 0.75
2812 253 0.25
2813 283 0.75
2814 283 0.25
2815 116 0.75
2816 116 0.25
2817 132 0.75
2818 132 0.25
2819 189 0.75
2820 189 0.25
2821 203 0.75
2822 203 0.25
2823 252 0.75
2824 252 0.25
2825 253 0.75
2826 253 0.25
2827 283 0.75
2828 283 0.25
2829 29 0.75
2830 29 0.25
2831 208 0.75
2832 208 0.25
2833 251 0.75
2834 251 0.25
2835 270 0.75
2836 270 0.25
2837 29 0.75
2838 29 0.25
2839 208 0.75
2840 208 0.25
2841 251 0.75
2842 251 0.25
2843 270 0.75
2844 270 0.25
2845 29 0.75
2846 29 0.25
2847 208 0.75
2848 208 0.25
2849 251 0.75
2850 251 0.25
2851 270 0.75
2852 270 0.25
2853 29 0.75
2854 29 0.25
2855 208 0.75
2856 208 0.25
2857 251 0.75
2858 251 0.25
2859 270 0.75
2860 270 0.25
2861 29 0.75
2862 29 0.25
2863 208 0.75
2864 208 0.25
2865 251 0.75
2866 251 0.25
2867 270 0.75
2868 270 0.25
2869 29 0.75
2870 29 0.25
2871 208 0.75
2872 208 0.25
2873 251 0.75
2874 251 0.25
2875 270 0.75
2876 270 0.25
2877 29 0.906977
2878 29 0.0930232
2879 208 0.01
2880 208 0.990001
2881 251 0.731884
2882 251 0.268116
2883 270 0.01
2884 270 0.990001
2885 29 0.01
2886 29 0.990001
2887 208 0.01
2888 208 0.990001
2889 251 0.2
2890 251 0.8
2891 270 0.01
2892 270 0.990001
2893 29 0.852941
2894 29 0.147059
2895 208 0.77686
2896 208 0.22314
2897 251 0.5
2898 251 0.5
2899 270 0.753623
2900 270 0.246377
2901 29 0.75
2902 29 0.25
2903 208 0.75
2904 208 0.25
2905 251 0.75
2906 251 0.25
2907 270 0.75
2908 270 0.25
2909 29 0.75
2910 29 0.25
2911 208 0.75
2912 208 0.25
2913 251 0.75
2914 251 0.25
2915 270 0.75
2916 270 0.25
2917 29 0.75
2918 29 0.25
2919 208 0.75
2920 208 0.25
2921 251 0.75
2922 251 0.25
2923 270 0.75
2924 270 0.25
2925 30 0.860034
2926 30 0.139966
2927 129 0.75
2928 129 0.25
2929 54 0.457516
2930 54 0.542484
2931 85 0.678571
2932 85 0.321429
2933 204 0.672414
2934 204 0.327586
2935 298 0.75
2936 298 0.25
2937 357 0.530612
2938 357 0.469388
2939 30 0.75
2940 30 0.25
2941 129 0.944444
2942 129 0.0555556
2943 54 0.75
2944 54 0.25
2945 85 0.75
2946 85 0.25
2947 204 0.75
2948 204 0.25
2949 298 0.75
2950 298 0.25
2951 357 0.75
2952 357 0.25
2953 30 0.75
2954 30 0.25
2955 129 0.910256
2956 129 0.0897436
2957 54 0.461538
2958 54 0.538462
2959 85 0.65625
2960 85 0.34375
2961 204 0.666667
2962 204 0.333333
2963 298 0.827586
2964 298 0.172414
2965 357 0.571429
2966 357 0.428571
2967 30 0.75
2968 30 0.25
2969 129 0.75
2970 129 0.25
2971 54 0.75
2972 54 0.25
2973 85 0.75
2974 85 0.25
2975 204 0.75
2976 204 0.25
2977 298 0.75
2978 298 0.25
2979 357 0.75
2980 357 0.25
2981 31 0.875
2982 31 0.125
2983 165 0.75
2984 165 0.25
2985 263 0.75
2986 263 0.25
2987 77 0.692308
2988 77 0.307692
2989 121 0.692308
2990 121 0.307692
2991 31 0.857143
2992 31 0.142857
2993 165 0.75
2994 165 0.25
2995 263 0.75
2996 263 0.25
2997 77 0.75
2998 77 0.25
2999 121 0.75
3000 121 0.25
3001 31 0.90535
3002 31 0.0946502
3003 165 0.961538
3004 165 0.0384615
3005 263 0.951754
3006 263 0.0482456
3007 77 0.738806
3008 77 0.261194
3009 121 0.669811
3010 121 0.330189
3011 31 0.75
3012 31 0.25
3013 165 0.75
3014 165 0.25
3015 263 0.75
3016 263 0.25
3017 77 0.75
3018 77 0.25
3019 121 0.75
3020 121 0.25
3021 57 0.75
3022 57 0.25
3023 155 0.75
3024 155 0.25
3025 199 0.5625
3026 199 0.4375
3027 32 0.660714
3028 32 0.339286
3029 155 0.75
3030 155 0.25
3031 191 0.607843
3032 191 0.392157
3033 80 0.715447
3034 80 0.284553
3035 110 0.459459
3036 110 0.540541
3037 155 0.75
3038 155 0.25
3039 312 0.681159
3040 312 0.318841
3041 57 0.75
3042 57 0.25
3043 155 0.75
3044 155 0.25
3045 199 0.6
3046 199 0.4
3047 32 0.75
3048 32 0.25
3049 155 0.75
3050 155 0.25
3051 191 0.01
3052 191 0.990001
3053 80 0.75
3054 80 0.25
3055 110 0.01
3056 110 0.990001
3057 155 0.75
3058 155 0.25
3059 312 0.75
3060 312 0.25
3061 57 0.951219
3062 57 0.0487805
3063 155 0.826446
3064 155 0.173554
3065 199 0.748571
3066 199 0.251429
3067 32 0.62963
3068 32 0.37037
3069 155 0.01
3070 155 0.990001
3071 191 0.590909
3072 191 0.409091
3073 80 0.793103
3074 80 0.206897
3075 110 0.488889
3076 110 0.511111
3077 155 0.01
3078 155 0.990001
3079 312 0.725806
3080 312 0.274194
3081 57 0.75
3082 57 0.25
3083 155 0.75
3084 155 0.25
3085 199 0.75
3086 199 0.25
3087 32 0.75
3088 32 0.25
3089 155 0.75
3090 155 0.25
3091 191 0.75
3092 191 0.25
3093 80 0.75
3094 80 0.25
3095 110 0.75
3096 110 0.25
3097 155 0.75
3098 155 0.25
3099 312 0.75
3100 312 0.25
3101 33 0.75
3102 33 0.25
3103 65 0.75
3104 65 0.25
3105 83 0.75
3106 83 0.25
3107 109 0.75
3108 109 0.25
3109 300 0.75
3110 300 0.25
3111 331 0.75
3112 331 0.25
3113 65 0.75
3114 65 0.25
3115 83 0.75
3116 83 0.25
3117 109 0.75
3118 109 0.25
3119 300 0.75
3120 300 0.25
3121 328 0.75
3122 328 0.25
3123 331 0.75
3124 331 0.25
3125 65 0.75
3126 65 0.25
3127 83 0.75
3128 83 0.25
3129 109 0.75
3130 109 0.25
3131 300 0.75
3132 300 0.25
3133 331 0.947368
3134 331 0.0526316
3135 33 0.75
3136 33 0.25
3137 65 0.75
3138 65 0.25
3139 83 0.75
3140 83 0.25
3141 109 0.75
3142 109 0.25
3143 300 0.75
3144 300 0.25
3145 331 0.75
3146 331 0.25
3147 65 0.75
3148 65 0.25
3149 83 0.75
3150 83 0.25
3151 109 0.75
3152 109 0.25
3153 300 0.75
3154 300 0.25
3155 328 0.75
3156 328 0.25
3157 331 0.75
3158 331 0.25
3159 65 0.75
3160 65 0.25
3161 83 0.75
3162 83 0.25
3163 109 0.75
3164 109 0.25
3165 300 0.75
3166 300 0.25
3167 331 0.909091
3168 331 0.0909091
3169 33 0.391753
3170 33 0.608247
3171 65 0.75
3172 65 0.25
3173 83 0.857143
3174 83 0.142857
3175 109 0.829268
3176 109 0.170732
3177 300 0.666667
3178 300 0.333333
3179 331 0.890909
3180 331 0.109091
3181 65 0.75
3182 65 0.25
3183 83 0.01
3184 83 0.990001
3185 109 0.01
3186 109 0.990001
3187 300 0.01
3188 300 0.990001
3189 328 0.569343
3190 328 0.430657
3191 331 0.01
3192 331 0.990001
3193 65 0.941645
3194 65 0.0583554
3195 83 0.01
3196 83 0.990001
3197 109 0.01
3198 109 0.990001
3199 300 0.01
3200 300 0.990001
3201 331 0.848797
3202 331 0.151203
3203 33 0.75
3204 33 0.25
3205 65 0.75
3206 65 0.25
3207 83 0.75
3208 83 0.25
3209 109 0.75
3210 109 0.25
3211 300 0.75
3212 300 0.25
3213 331 0.75
3214 331 0.25
3215 65 0.75
3216 65 0.25
3217 83 0.75
3218 83 0.25
3219 109 0.75
3220 109 0.25
3221 300 0.75
3222 300 0.25
3223 328 0.75
3224 328 0.25
3225 331 0.75
3226 331 0.25
3227 65 0.75
3228 65 0.25
3229 83 0.75
3230 83 0.25
3231 109 0.75
3232 109 0.25
3233 300 0.75
3234 300 0.25
3235 331 0.75
3236 331 0.25
3237 34 0.75
3238 34 0.25
3239 120 0.75
3240 120 0.25
3241 192 0.75
3242 192 0.25
3243 281 0.75
3244 281 0.25
3245 290 0.9
3246 290 0.1
3247 361 0.863636
3248 361 0.136364
3249 317 0.69
3250 317 0.31
3251 62 0.75
3252 62 0.25
3253 291 0.75
3254 291 0.25
3255 317 0.75
3256 317 0.25
3257 360 0.70297
3258 360 0.29703
3259 34 0.75
3260 34 0.25
3261 120 0.75
3262 120 0.25
3263 192 0.75
3264 192 0.25
3265 281 0.75
3266 281 0.25
3267 290 0.75
3268 290 0.25
3269 361 0.75
3270 361 0.25
3271 317 0.75
3272 317 0.25
3273 62 0.75
3274 62 0.25
3275 291 0.75
3276 291 0.25
3277 317 0.75
3278 317 0.25
3279 360 0.75
3280 360 0.25
3281 34 0.644068
3282 34 0.355932
3283 120 0.681481
3284 120 0.318519
3285 192 0.952381
3286 192 0.047619
3287 281 0.842105
3288 281 0.157895
3289 290 0.75
3290 290 0.25
3291 361 0.7375
3292 361 0.2625
3293 317 0.584388
3294 317 0.415612
3295 62 0.893333
3296 62 0.106667
3297 291 0.863971
3298 291 0.136029
3299 317 0.01
3300 317 0.990001
3301 360 0.650165
3302 360 0.349835
3303 34 0.75
3304 34 0.25
3305 120 0.75
3306 120 0.25
3307 192 0.75
3308 192 0.25
3309 281 0.75
3310 281 0.25
3311 290 0.75
3312 290 0.25
3313 361 0.75
3314 361 0.25
3315 317 0.75
3316 317 0.25
3317 62 0.75
3318 62 0.25
3319 291 0.75
3320 291 0.25
3321 317 0.75
3322 317 0.25
3323 360 0.75
3324 360 0.25
3325 35 0.75
3326 35 0.25
3327 130 0.75
3328 130 0.25
3329 145 0.75
3330 145 0.25
3331 355 0.857143
3332 355 0.142857
3333 101 0.75
3334 101 0.25
3335 207 0.846154
3336 207 0.153846
3337 99 0.877551
3338 99 0.122449
3339 35 0.75
3340 35 0.25
3341 130 0.75
3342 130 0.25
3343 145 0.75
3344 145 0.25
3345 355 0.75
3346 355 0.25
3347 101 0.75
3348 101 0.25
3349 207 0.75
3350 207 0.25
3351 99 0.75
3352 99 0.25
3353 35 0.982759
3354 35 0.0172414
3355 130 0.979592
3356 130 0.0204082
3357 145 0.923077
3358 145 0.0769231
3359 355 0.776224
3360 355 0.223776
3361 101 0.949153
3362 101 0.0508475
3363 207 0.777027
3364 207 0.222973
3365 99 0.772152
3366 99 0.227848
3367 35 0.75
3368 35 0.25
3369 130 0.75
3370 130 0.25
3371 145 0.75
3372 145 0.25
3373 355 0.75
3374 355 0.25
3375 101 0.75
3376 101 0.25
3377 207 0.75
3378 207 0.25
3379 99 0.75
3380 99 0.25
3381 36 0.01
3382 36 0.990001
3383 71 0.690323
3384 71 0.309677
3385 174 0.75
3386 174 0.25
3387 220 0.75
3388 220 0.25
3389 348 0.75
3390 348 0.25
3391 36 0.771429
3392 36 0.228571
3393 119 0.75
3394 119 0.25
3395 134 0.01
3396 134 0.990001
3397 220 0.75
3398 220 0.25
3399 335 0.75
3400 335 0.25
3401 36 0.01
3402 36 0.990001
3403 134 0.703704
3404 134 0.296296
3405 174 0.75
3406 174 0.25
3407 220 0.9
3408 220 0.1
3409 256 0.75
3410 256 0.25
3411 330 0.75
3412 330 0.25
3413 335 0.75
3414 335 0.25
3415 36 0.75
3416 36 0.25
3417 71 0.75
3418 71 0.25
3419 174 0.75
3420 174 0.25
3421 220 0.75
3422 220 0.25
3423 348 0.75
3424 348 0.25
3425 36 0.75
3426 36 0.25
3427 119 0.75
3428 119 0.25
3429 134 0.75
3430 134 0.25
3431 220 0.75
3432 220 0.25
3433 335 0.75
3434 335 0.25
3435 36 0.75
3436 36 0.25
3437 134 0.75
3438 134 0.25
3439 174 0.75
3440 174 0.25
3441 220 0.75
3442 220 0.25
3443 256 0.75
3444 256 0.25
3445 330 0.75
3446 330 0.25
3447 335 0.75
3448 335 0.25
3449 36 0.75
3450 36 0.25
3451 71 0.75
3452 71 0.25
3453 174 0.928571
3454 174 0.0714286
3455 220 0.75
3456 220 0.25
3457 348 0.786241
3458 348 0.213759
3459 36 0.75
3460 36 0.25
3461 119 0.932203
3462 119 0.0677966
3463 134 0.75
3464 134 0.25
3465 220 0.75
3466 220 0.25
3467 335 0.471698
3468 335 0.528302
3469 36 0.75
3470 36 0.25
3471 134 0.75
3472 134 0.25
3473 174 0.941176
3474 174 0.0588235
3475 220 0.75
3476 220 0.25
3477 256 0.969697
3478 256 0.030303
3479 330 0.697561
3480 330 0.302439
3481 335 0.779817
3482 335 0.220184
3483 36 0.75
3484 36 0.25
3485 71 0.75
3486 71 0.25
3487 174 0.75
3488 174 0.25
3489 220 0.75
3490 220 0.25
3491 348 0.75
3492 348 0.25
3493 36 0.75
3494 36 0.25
3495 119 0.75
3496 119 0.25
3497 134 0.75
3498 134 0.25
3499 220 0.75
3500 220 0.25
3501 335 0.75
3502 335 0.25
3503 36 0.75
3504 36 0.25
3505 134 0.75
3506 134 0.25
3507 174 0.75
3508 174 0.25
3509 220 0.75
3510 220 0.25
3511 256 0.75
3512 256 0.25
3513 330 0.75
3514 330 0.25
3515 335 0.75
3516 335 0.25
3517 37 0.75
3518 37 0.25
3519 221 0.75
3520 221 0.25
3521 274 0.75
3522 274 0.25
3523 340 0.75
3524 340 0.25
3525 117 0.75
3526 117 0.25
3527 198 0.75
3528 198 0.25
3529 214 0.75
3530 214 0.25
3531 302 0.75
3532 302 0.25
3533 341 0.785714
3534 341 0.214286
3535 66 0.75
3536 66 0.25
3537 118 0.75
3538 118 0.25
3539 248 0.5
3540 248 0.5
3541 287 0.75
3542 287 0.25
3543 37 0.75
3544 37 0.25
3545 221 0.73913
3546 221 0.26087
3547 274 0.75
3548 274 0.25
3549 340 0.857143
3550 340 0.142857
3551 117 0.75
3552 117 0.25
3553 198 0.75
3554 198 0.25
3555 214 0.75
3556 214 0.25
3557 302 0.5
3558 302 0.5
3559 341 0.75
3560 341 0.25
3561 66 0.853659
3562 66 0.146341
3563 118 0.75
3564 118 0.25
3565 248 0.75
3566 248 0.25
3567 287 0.384615
3568 287 0.615385
3569 37 0.928571
3570 37 0.0714286
3571 221 0.795455
3572 221 0.204545
3573 274 0.93617
3574 274 0.0638298
3575 340 0.7806
3576 340 0.2194
3577 117 0.893617
3578 117 0.106383
3579 198 0.931818
3580 198 0.0681818
3581 214 0.722222
3582 214 0.277778
3583 302 0.642857
3584 302 0.357143
3585 341 0.705882
3586 341 0.294118
3587 66 0.75
3588 66 0.25
3589 118 0.957447
3590 118 0.0425532
3591 248 0.641026
3592 248 0.358974
3593 287 0.57265
3594 287 0.42735
3595 37 0.75
3596 37 0.25
3597 221 0.75
3598 221 0.25
3599 274 0.75
3600 274 0.25
3601 340 0.75
3602 340 0.25
3603 117 0.75
3604 117 0.25
3605 198 0.75
3606 198 0.25
3607 214 0.75
3608 214 0.25
3609 302 0.75
3610 302 0.25
3611 341 0.75
3612 341 0.25
3613 66 0.75
3614 66 0.25
3615 118 0.75
3616 118 0.25
3617 248 0.75
3618 248 0.25
3619 287 0.75
3620 287 0.25
3621 38 0.75
3622 38 0.25
3623 178 0.75
3624 178 0.25
3625 280 0.75
3626 280 0.25
3627 38 0.75
3628 38 0.25
3629 178 0.75
3630 178 0.25
3631 280 0.75
3632 280 0.25
3633 38 0.75
3634 38 0.25
3635 178 0.75
3636 178 0.25
3637 280 0.75
3638 280 0.25
3639 38 0.75
3640 38 0.25
3641 178 0.01
3642 178 0.990001
3643 280 0.75
3644 280 0.25
3645 38 0.75
3646 38 0.25
3647 178 0.01
3648 178 0.990001
3649 280 0.75
3650 280 0.25
3651 38 0.75
3652 38 0.25
3653 178 0.375
3654 178 0.625
3655 280 0.75
3656 280 0.25
3657 38 0.75
3658 38 0.25
3659 178 0.735849
3660 178 0.264151
3661 280 0.01
3662 280 0.990001
3663 38 0.333333
3664 38 0.666667
3665 178 0.01
3666 178 0.990001
3667 280 0.854167
3668 280 0.145833
3669 38 0.807692
3670 38 0.192308
3671 178 0.01
3672 178 0.990001
3673 280 0.75
3674 280 0.25
3675 38 0.75
3676 38 0.25
3677 178 0.75
3678 178 0.25
3679 280 0.75
3680 280 0.25
3681 38 0.75
3682 38 0.25
3683 178 0.75
3684 178 0.25
3685 280 0.75
3686 280 0.25
3687 38 0.75
3688 38 0.25
3689 178 0.75
3690 178 0.25
3691 280 0.75
3692 280 0.25
