76
73
73
73
73
73
73
73
73
73
73
73
73
73
73
73
73
73
73
73
73
73
73
73
73
73
73
73
73
73
73
73
73
73
73
73
73
73
73
73
73
73
73
73
73
73
73
73
73
73
73
73
73
73
73
73
73
73
73
73
73
73
73
73
73
73
73
73
88
87
90
89
89
89
89
89
2680
2692
2706
1476
1475
1475
1475
1475
1478
1477
1477
1496
1495
1495
3002
3001
3001
3001
3001
3001
3001
3001
3001
3001
3001
3001
3001
3001
3001
3001
3001
3008
3007
3010
1476
1475
1478
1477
1477
1477
1477
1496
1495
1495
1495
1495
1495
1495
1495
1738
1737
1737
1746
1752
1742
1741
1741
1741
1741
1741
1741
1741
1741
1741
1741
1748
1747
1747
1747
1747
1756
1755
1755
1232
1231
1231
1231
1231
1231
1231
1231
1231
1231
1231
1231
1231
1231
1231
1231
1240
1239
1239
1244
1243
1243
1243
1243
1243
1243
76
88
90
2680
2692
2706
2705
2705
2705
2705
2705
2558
2557
2557
2557
2568
2567
2567
2567
2567
2567
2567
2567
2567
2567
2567
2567
2567
2567
2572
2571
2571
2571
2571
3002
3001
3001
3001
3001
3001
3001
3001
3001
3001
3001
3001
3008
3007
3007
3010
3009
3009
188
187
187
187
187
187
187
187
187
218
234
233
233
1986
1985
1985
1990
1992
1991
1991
1991
1991
1991
1991
76
88
87
90
89
89
89
89
89
104
103
103
103
103
103
103
103
112
111
130
129
129
912
916
926
1476
1475
1475
1475
1475
1475
1475
1475
1475
1475
1475
1475
1475
1475
1478
1496
1495
1495
1495
1495
1328
1327
1327
1327
1327
1330
1329
1329
1338
1337
1337
1337
1337
188
187
187
187
187
218
234
1986
1985
1985
1985
1990
1989
1989
1989
1989
1989
1989
1989
1992
1991
1991
1991
1991
1991
1991
1991
1991
1991
1991
1991
1991
1991
1991
1991
1991
1991
76
73
73
73
73
73
73
73
73
73
73
73
73
73
73
73
73
73
73
88
90
