1 0 0.784966
2 0 0.01
3 0 0.01
4 0 0.195041
5 39 0.871118
6 39 0.01
7 39 0.01
8 39 0.10889
9 55 0.0717079
10 55 0.9083
11 55 0.01
12 55 0.01
13 44 0.01
14 44 0.01
15 44 0.655591
16 44 0.324416
17 42 0.664987
18 42 0.335013
19 114 0.25
20 114 0.25
21 114 0.25
22 114 0.25
23 39 0.25
24 39 0.25
25 39 0.25
26 39 0.25
27 55 0.25
28 55 0.25
29 55 0.25
30 55 0.25
31 82 0.25
32 82 0.25
33 82 0.25
34 82 0.25
35 65 0.75
36 65 0.25
37 114 0.25
38 114 0.25
39 114 0.25
40 114 0.25
41 39 0.25
42 39 0.25
43 39 0.25
44 39 0.25
45 55 0.25
46 55 0.25
47 55 0.25
48 55 0.25
49 82 0.25
50 82 0.25
51 82 0.25
52 82 0.25
53 65 0.75
54 65 0.25
55 114 0.25
56 114 0.25
57 114 0.25
58 114 0.25
59 39 0.25
60 39 0.25
61 39 0.25
62 39 0.25
63 55 0.25
64 55 0.25
65 55 0.25
66 55 0.25
67 82 0.25
68 82 0.25
69 82 0.25
70 82 0.25
71 65 0.75
72 65 0.25
73 114 0.903303
74 114 0.01
75 114 0.01
76 114 0.0767017
77 39 0.874024
78 39 0.01
79 39 0.01
80 39 0.105984
81 55 0.01
82 55 0.886101
83 55 0.01
84 55 0.0939074
85 82 0.01
86 82 0.01
87 82 0.744678
88 82 0.23533
89 65 0.557158
90 65 0.442842
91 73 0.813187
92 73 0.186813
93 78 0.75
94 78 0.25
95 169 0.75
96 169 0.25
97 189 0.75
98 189 0.25
99 221 0.75
100 221 0.25
101 230 0.75
102 230 0.25
103 291 0.79661
104 291 0.20339
105 319 0.75
106 319 0.25
107 1 0.75
108 1 0.25
109 53 0.75
110 53 0.25
111 75 0.75
112 75 0.25
113 106 0.75
114 106 0.25
115 138 0.788889
116 138 0.211111
117 144 0.357143
118 144 0.642857
119 169 0.75
120 169 0.25
121 221 0.64
122 221 0.36
123 230 0.75
124 230 0.25
125 238 0.75
126 238 0.25
127 255 0.75
128 255 0.25
129 260 0.75
130 260 0.25
131 315 0.01
132 315 0.990001
133 1 0.75
134 1 0.25
135 75 0.75
136 75 0.25
137 106 0.75
138 106 0.25
139 117 0.75
140 117 0.25
141 138 0.01
142 138 0.990001
143 144 0.01
144 144 0.990001
145 169 0.75
146 169 0.25
147 221 0.01
148 221 0.990001
149 230 0.75
150 230 0.25
151 238 0.75
152 238 0.25
153 255 0.75
154 255 0.25
155 260 0.75
156 260 0.25
157 315 0.782609
158 315 0.217391
159 73 0.75
160 73 0.25
161 78 0.583333
162 78 0.416667
163 169 0.75
164 169 0.25
165 189 0.75
166 189 0.25
167 221 0.75
168 221 0.25
169 230 0.666667
170 230 0.333333
171 291 0.75
172 291 0.25
173 319 0.166667
174 319 0.833333
175 1 0.75
176 1 0.25
177 53 0.757576
178 53 0.242424
179 75 0.75
180 75 0.25
181 106 0.01
182 106 0.990001
183 138 0.75
184 138 0.25
185 144 0.75
186 144 0.25
187 169 0.75
188 169 0.25
189 221 0.75
190 221 0.25
191 230 0.75
192 230 0.25
193 238 0.75
194 238 0.25
195 255 0.75
196 255 0.25
197 260 0.75
198 260 0.25
199 315 0.75
200 315 0.25
201 1 0.75
202 1 0.25
203 75 0.75
204 75 0.25
205 106 0.829545
206 106 0.170455
207 117 0.855422
208 117 0.144578
209 138 0.75
210 138 0.25
211 144 0.75
212 144 0.25
213 169 0.75
214 169 0.25
215 221 0.75
216 221 0.25
217 230 0.75
218 230 0.25
219 238 0.96
220 238 0.04
221 255 0.75
222 255 0.25
223 260 0.75
224 260 0.25
225 315 0.75
226 315 0.25
227 73 0.75
228 73 0.25
229 78 0.447025
230 78 0.552975
231 169 0.75
232 169 0.25
233 189 0.636119
234 189 0.363881
235 221 0.319588
236 221 0.680412
237 230 0.5
238 230 0.5
239 291 0.75
240 291 0.25
241 319 0.490826
242 319 0.509174
243 1 0.01
244 1 0.990001
245 53 0.75
246 53 0.25
247 75 0.01
248 75 0.990001
249 106 0.01
250 106 0.990001
251 138 0.01
252 138 0.990001
253 144 0.01
254 144 0.990001
255 169 0.01
256 169 0.990001
257 221 0.01
258 221 0.990001
259 230 0.01
260 230 0.990001
261 238 0.01
262 238 0.990001
263 255 0.01
264 255 0.990001
265 260 0.01
266 260 0.990001
267 315 0.01
268 315 0.990001
269 1 0.691542
270 1 0.308458
271 75 0.745536
272 75 0.254464
273 106 0.757576
274 106 0.242424
275 117 0.75
276 117 0.25
277 138 0.726027
278 138 0.273973
279 144 0.671053
280 144 0.328947
281 169 0.01
282 169 0.990001
283 221 0.710448
284 221 0.289552
285 230 0.853659
286 230 0.146341
287 238 0.735219
288 238 0.264782
289 255 0.736667
290 255 0.263333
291 260 0.742222
292 260 0.257778
293 315 0.6875
294 315 0.3125
295 73 0.75
296 73 0.25
297 78 0.75
298 78 0.25
299 169 0.75
300 169 0.25
301 189 0.75
302 189 0.25
303 221 0.75
304 221 0.25
305 230 0.75
306 230 0.25
307 291 0.75
308 291 0.25
309 319 0.75
310 319 0.25
311 1 0.75
312 1 0.25
313 53 0.75
314 53 0.25
315 75 0.75
316 75 0.25
317 106 0.75
318 106 0.25
319 138 0.75
320 138 0.25
321 144 0.75
322 144 0.25
323 169 0.75
324 169 0.25
325 221 0.75
326 221 0.25
327 230 0.75
328 230 0.25
329 238 0.75
330 238 0.25
331 255 0.75
332 255 0.25
333 260 0.75
334 260 0.25
335 315 0.75
336 315 0.25
337 1 0.75
338 1 0.25
339 75 0.75
340 75 0.25
341 106 0.75
342 106 0.25
343 117 0.75
344 117 0.25
345 138 0.75
346 138 0.25
347 144 0.75
348 144 0.25
349 169 0.75
350 169 0.25
351 221 0.75
352 221 0.25
353 230 0.75
354 230 0.25
355 238 0.75
356 238 0.25
357 255 0.75
358 255 0.25
359 260 0.75
360 260 0.25
361 315 0.75
362 315 0.25
363 2 0.75
364 2 0.25
365 60 0.886179
366 60 0.113821
367 98 0.75
368 98 0.25
369 108 0.75
370 108 0.25
371 133 0.75
372 133 0.25
373 165 0.75
374 165 0.25
375 170 0.75
376 170 0.25
377 171 0.75
378 171 0.25
379 182 0.75
380 182 0.25
381 183 0.75
382 183 0.25
383 205 0.75
384 205 0.25
385 207 0.75
386 207 0.25
387 214 0.75
388 214 0.25
389 222 0.75
390 222 0.25
391 234 0.75
392 234 0.25
393 235 0.75
394 235 0.25
395 236 0.75
396 236 0.25
397 240 0.75
398 240 0.25
399 241 0.75
400 241 0.25
401 258 0.75
402 258 0.25
403 273 0.75
404 273 0.25
405 274 0.75
406 274 0.25
407 296 0.75
408 296 0.25
409 299 0.75
410 299 0.25
411 307 0.75
412 307 0.25
413 308 0.75
414 308 0.25
415 309 0.75
416 309 0.25
417 318 0.75
418 318 0.25
419 259 0.75
420 259 0.25
421 305 0.833333
422 305 0.166667
423 306 0.75
424 306 0.25
425 164 0.6
426 164 0.4
427 175 0.714286
428 175 0.285714
429 2 0.75
430 2 0.25
431 60 0.75
432 60 0.25
433 98 0.75
434 98 0.25
435 108 0.75
436 108 0.25
437 133 0.75
438 133 0.25
439 165 0.75
440 165 0.25
441 170 0.75
442 170 0.25
443 171 0.75
444 171 0.25
445 182 0.75
446 182 0.25
447 183 0.75
448 183 0.25
449 205 0.75
450 205 0.25
451 207 0.75
452 207 0.25
453 214 0.75
454 214 0.25
455 222 0.75
456 222 0.25
457 234 0.75
458 234 0.25
459 235 0.75
460 235 0.25
461 236 0.875
462 236 0.125
463 240 0.75
464 240 0.25
465 241 0.75
466 241 0.25
467 258 0.809524
468 258 0.190476
469 273 0.75
470 273 0.25
471 274 0.75
472 274 0.25
473 296 0.75
474 296 0.25
475 299 0.6
476 299 0.4
477 307 0.75
478 307 0.25
479 308 0.75
480 308 0.25
481 309 0.875
482 309 0.125
483 318 0.875
484 318 0.125
485 259 0.75
486 259 0.25
487 305 0.75
488 305 0.25
489 306 0.783333
490 306 0.216667
491 43 0.833333
492 43 0.166667
493 2 0.96
494 2 0.04
495 60 0.75
496 60 0.25
497 98 0.9375
498 98 0.0625
499 108 0.913043
500 108 0.0869565
501 133 0.928571
502 133 0.0714286
503 165 0.908257
504 165 0.0917431
505 170 0.897436
506 170 0.102564
507 171 0.88
508 171 0.12
509 182 0.916667
510 182 0.0833333
511 183 0.888889
512 183 0.111111
513 205 0.944444
514 205 0.0555556
515 207 0.911111
516 207 0.0888889
517 214 0.941176
518 214 0.0588235
519 222 0.92
520 222 0.08
521 234 0.916667
522 234 0.0833333
523 235 0.915663
524 235 0.0843374
525 236 0.92
526 236 0.08
527 240 0.822222
528 240 0.177778
529 241 0.941176
530 241 0.0588235
531 258 0.846154
532 258 0.153846
533 273 0.840491
534 273 0.159509
535 274 0.895349
536 274 0.104651
537 296 0.909091
538 296 0.0909091
539 299 0.872
540 299 0.128
541 307 0.849765
542 307 0.150235
543 308 0.916667
544 308 0.0833333
545 309 0.828571
546 309 0.171429
547 318 0.882979
548 318 0.117021
549 259 0.728625
550 259 0.271375
551 305 0.774359
552 305 0.225641
553 306 0.817891
554 306 0.182109
555 164 0.641026
556 164 0.358974
557 175 0.710197
558 175 0.289803
559 2 0.75
560 2 0.25
561 60 0.75
562 60 0.25
563 98 0.75
564 98 0.25
565 108 0.75
566 108 0.25
567 133 0.75
568 133 0.25
569 165 0.75
570 165 0.25
571 170 0.75
572 170 0.25
573 171 0.75
574 171 0.25
575 182 0.75
576 182 0.25
577 183 0.75
578 183 0.25
579 205 0.75
580 205 0.25
581 207 0.75
582 207 0.25
583 214 0.75
584 214 0.25
585 222 0.75
586 222 0.25
587 234 0.75
588 234 0.25
589 235 0.75
590 235 0.25
591 236 0.75
592 236 0.25
593 240 0.75
594 240 0.25
595 241 0.75
596 241 0.25
597 258 0.75
598 258 0.25
599 273 0.75
600 273 0.25
601 274 0.75
602 274 0.25
603 296 0.75
604 296 0.25
605 299 0.75
606 299 0.25
607 307 0.75
608 307 0.25
609 308 0.75
610 308 0.25
611 309 0.75
612 309 0.25
613 318 0.75
614 318 0.25
615 259 0.75
616 259 0.25
617 305 0.75
618 305 0.25
619 306 0.75
620 306 0.25
621 164 0.75
622 164 0.25
623 175 0.75
624 175 0.25
625 93 0.866667
626 93 0.133333
627 47 0.75
628 47 0.25
629 132 0.75
630 132 0.25
631 206 0.75
632 206 0.25
633 233 0.75
634 233 0.25
635 254 0.75
636 254 0.25
637 3 0.75
638 3 0.25
639 93 0.777778
640 93 0.222222
641 93 0.767372
642 93 0.232628
643 47 0.953488
644 47 0.0465116
645 132 0.887755
646 132 0.112245
647 206 0.918605
648 206 0.0813954
649 233 0.75
650 233 0.25
651 254 0.842541
652 254 0.157459
653 3 0.855535
654 3 0.144465
655 93 0.75
656 93 0.25
657 93 0.563025
658 93 0.436975
659 47 0.75
660 47 0.25
661 132 0.744186
662 132 0.255814
663 206 0.75
664 206 0.25
665 233 0.916667
666 233 0.0833333
667 254 0.552941
668 254 0.447059
669 3 0.827586
670 3 0.172414
671 93 0.157895
672 93 0.842105
673 93 0.75
674 93 0.25
675 47 0.75
676 47 0.25
677 132 0.75
678 132 0.25
679 206 0.75
680 206 0.25
681 233 0.75
682 233 0.25
683 254 0.75
684 254 0.25
685 3 0.75
686 3 0.25
687 93 0.75
688 93 0.25
689 4 0.75
690 4 0.25
691 151 0.01
692 151 0.990001
693 181 0.75
694 181 0.25
695 4 0.75
696 4 0.25
697 151 0.01
698 151 0.990001
699 181 0.75
700 181 0.25
701 100 0.75
702 100 0.25
703 151 0.802469
704 151 0.197531
705 4 0.75
706 4 0.25
707 151 0.75
708 151 0.25
709 181 0.75
710 181 0.25
711 4 0.75
712 4 0.25
713 151 0.75
714 151 0.25
715 181 0.75
716 181 0.25
717 100 0.75
718 100 0.25
719 151 0.75
720 151 0.25
721 4 0.01
722 4 0.990001
723 151 0.75
724 151 0.25
725 181 0.01
726 181 0.990001
727 4 0.897959
728 4 0.102041
729 151 0.75
730 151 0.25
731 181 0.825641
732 181 0.174359
733 100 0.887324
734 100 0.112676
735 151 0.725
736 151 0.275
737 4 0.75
738 4 0.25
739 151 0.75
740 151 0.25
741 181 0.75
742 181 0.25
743 4 0.75
744 4 0.25
745 151 0.75
746 151 0.25
747 181 0.75
748 181 0.25
749 100 0.75
750 100 0.25
751 151 0.75
752 151 0.25
753 5 0.75
754 5 0.25
755 102 0.75
756 102 0.25
757 128 0.75
758 128 0.25
759 102 0.75
760 102 0.25
761 128 0.75
762 128 0.25
763 5 0.96
764 5 0.04
765 102 0.75
766 102 0.25
767 128 0.75
768 128 0.25
769 102 0.75
770 102 0.25
771 128 0.8
772 128 0.2
773 5 0.819383
774 5 0.180617
775 102 0.01
776 102 0.990001
777 128 0.79646
778 128 0.20354
779 102 0.865672
780 102 0.134328
781 128 0.01
782 128 0.990001
783 5 0.75
784 5 0.25
785 102 0.75
786 102 0.25
787 128 0.75
788 128 0.25
789 102 0.75
790 102 0.25
791 128 0.75
792 128 0.25
793 6 0.75
794 6 0.25
795 88 0.75
796 88 0.25
797 89 0.75
798 89 0.25
799 148 0.428571
800 148 0.571429
801 226 0.75
802 226 0.25
803 89 0.75
804 89 0.25
805 148 0.428571
806 148 0.571429
807 213 0.75
808 213 0.25
809 54 0.5
810 54 0.5
811 6 0.75
812 6 0.25
813 88 0.75
814 88 0.25
815 89 0.75
816 89 0.25
817 148 0.75
818 148 0.25
819 226 0.75
820 226 0.25
821 89 0.75
822 89 0.25
823 148 0.75
824 148 0.25
825 213 0.75
826 213 0.25
827 54 0.75
828 54 0.25
829 6 0.899068
830 6 0.100932
831 88 0.887755
832 88 0.112245
833 89 0.808219
834 89 0.191781
835 148 0.748252
836 148 0.251748
837 226 0.835821
838 226 0.164179
839 89 0.01
840 89 0.990001
841 148 0.01
842 148 0.990001
843 213 0.760331
844 213 0.239669
845 54 0.7008
846 54 0.2992
847 6 0.75
848 6 0.25
849 88 0.75
850 88 0.25
851 89 0.75
852 89 0.25
853 148 0.75
854 148 0.25
855 226 0.75
856 226 0.25
857 89 0.75
858 89 0.25
859 148 0.75
860 148 0.25
861 213 0.75
862 213 0.25
863 54 0.75
864 54 0.25
865 7 0.75
866 7 0.25
867 197 0.75
868 197 0.25
869 77 0.75
870 77 0.25
871 218 0.75
872 218 0.25
873 122 0.75
874 122 0.25
875 7 0.75
876 7 0.25
877 197 0.75
878 197 0.25
879 77 0.75
880 77 0.25
881 218 0.75
882 218 0.25
883 122 0.75
884 122 0.25
885 7 0.780749
886 7 0.219251
887 197 0.591241
888 197 0.408759
889 77 0.737864
890 77 0.262136
891 218 0.611111
892 218 0.388889
893 122 0.616601
894 122 0.383399
895 7 0.75
896 7 0.25
897 197 0.75
898 197 0.25
899 77 0.75
900 77 0.25
901 218 0.75
902 218 0.25
903 122 0.75
904 122 0.25
905 8 0.793893
906 8 0.206107
907 109 0.75
908 109 0.25
909 239 0.761062
910 239 0.238938
911 178 0.44898
912 178 0.55102
913 8 0.75
914 8 0.25
915 109 0.75
916 109 0.25
917 239 0.75
918 239 0.25
919 178 0.75
920 178 0.25
921 8 0.447917
922 8 0.552083
923 109 0.6875
924 109 0.3125
925 239 0.77
926 239 0.23
927 178 0.604478
928 178 0.395522
929 8 0.75
930 8 0.25
931 109 0.75
932 109 0.25
933 239 0.75
934 239 0.25
935 178 0.75
936 178 0.25
937 9 0.75
938 9 0.25
939 311 0.836735
940 311 0.163265
941 69 0.75
942 69 0.25
943 126 0.75
944 126 0.25
945 134 0.75
946 134 0.25
947 179 0.75
948 179 0.25
949 180 0.75
950 180 0.25
951 186 0.75
952 186 0.25
953 215 0.75
954 215 0.25
955 247 0.75
956 247 0.25
957 253 0.933333
958 253 0.0666667
959 269 0.75
960 269 0.25
961 282 0.75
962 282 0.25
963 285 0.75
964 285 0.25
965 286 0.833333
966 286 0.166667
967 288 0.75
968 288 0.25
969 69 0.75
970 69 0.25
971 105 0.956522
972 105 0.0434783
973 126 0.75
974 126 0.25
975 134 0.75
976 134 0.25
977 179 0.941176
978 179 0.0588235
979 180 0.75
980 180 0.25
981 186 0.75
982 186 0.25
983 215 0.75
984 215 0.25
985 228 0.75
986 228 0.25
987 232 0.75
988 232 0.25
989 246 0.75
990 246 0.25
991 247 0.8125
992 247 0.1875
993 269 0.75
994 269 0.25
995 282 0.75
996 282 0.25
997 286 0.75
998 286 0.25
999 288 0.857143
1000 288 0.142857
1001 9 0.492308
1002 9 0.507692
1003 311 0.75
1004 311 0.25
1005 69 0.75
1006 69 0.25
1007 126 0.75
1008 126 0.25
1009 134 0.75
1010 134 0.25
1011 179 0.75
1012 179 0.25
1013 180 0.75
1014 180 0.25
1015 186 0.75
1016 186 0.25
1017 215 0.92
1018 215 0.08
1019 247 0.75
1020 247 0.25
1021 253 0.75
1022 253 0.25
1023 269 0.75
1024 269 0.25
1025 282 0.01
1026 282 0.990001
1027 285 0.01
1028 285 0.990001
1029 286 0.75
1030 286 0.25
1031 69 0.934783
1032 69 0.0652174
1033 105 0.75
1034 105 0.25
1035 126 0.75
1036 126 0.25
1037 134 0.75
1038 134 0.25
1039 179 0.75
1040 179 0.25
1041 180 0.75
1042 180 0.25
1043 186 0.75
1044 186 0.25
1045 215 0.75
1046 215 0.25
1047 228 0.75
1048 228 0.25
1049 232 0.75
1050 232 0.25
1051 246 0.75
1052 246 0.25
1053 247 0.75
1054 247 0.25
1055 269 0.846154
1056 269 0.153846
1057 282 0.803922
1058 282 0.196078
1059 285 0.919075
1060 285 0.0809249
1061 286 0.75
1062 286 0.25
1063 288 0.75
1064 288 0.25
1065 9 0.428571
1066 9 0.571429
1067 311 0.555556
1068 311 0.444444
1069 69 0.75
1070 69 0.25
1071 126 0.75
1072 126 0.25
1073 134 0.75
1074 134 0.25
1075 179 0.75
1076 179 0.25
1077 180 0.75
1078 180 0.25
1079 186 0.75
1080 186 0.25
1081 215 0.75
1082 215 0.25
1083 247 0.5
1084 247 0.5
1085 253 0.75
1086 253 0.25
1087 269 0.75
1088 269 0.25
1089 282 0.777778
1090 282 0.222222
1091 285 0.9375
1092 285 0.0625
1093 286 0.690909
1094 286 0.309091
1095 288 0.952381
1096 288 0.047619
1097 69 0.75
1098 69 0.25
1099 105 0.75
1100 105 0.25
1101 126 0.966667
1102 126 0.0333333
1103 134 0.92
1104 134 0.08
1105 179 0.75
1106 179 0.25
1107 180 0.892857
1108 180 0.107143
1109 186 0.933333
1110 186 0.0666667
1111 215 0.75
1112 215 0.25
1113 228 0.947368
1114 228 0.0526316
1115 232 0.9375
1116 232 0.0625
1117 246 0.923077
1118 246 0.0769231
1119 247 0.83871
1120 247 0.16129
1121 269 0.9375
1122 269 0.0625
1123 282 0.867647
1124 282 0.132353
1125 286 0.892857
1126 286 0.107143
1127 288 0.4
1128 288 0.6
1129 9 0.75
1130 9 0.25
1131 311 0.75
1132 311 0.25
1133 69 0.75
1134 69 0.25
1135 126 0.75
1136 126 0.25
1137 134 0.75
1138 134 0.25
1139 179 0.75
1140 179 0.25
1141 180 0.75
1142 180 0.25
1143 186 0.75
1144 186 0.25
1145 215 0.75
1146 215 0.25
1147 247 0.75
1148 247 0.25
1149 253 0.75
1150 253 0.25
1151 269 0.75
1152 269 0.25
1153 282 0.75
1154 282 0.25
1155 285 0.75
1156 285 0.25
1157 286 0.75
1158 286 0.25
1159 288 0.75
1160 288 0.25
1161 69 0.75
1162 69 0.25
1163 105 0.75
1164 105 0.25
1165 126 0.75
1166 126 0.25
1167 134 0.75
1168 134 0.25
1169 179 0.75
1170 179 0.25
1171 180 0.75
1172 180 0.25
1173 186 0.75
1174 186 0.25
1175 215 0.75
1176 215 0.25
1177 228 0.75
1178 228 0.25
1179 232 0.75
1180 232 0.25
1181 246 0.75
1182 246 0.25
1183 247 0.75
1184 247 0.25
1185 269 0.75
1186 269 0.25
1187 282 0.75
1188 282 0.25
1189 286 0.75
1190 286 0.25
1191 288 0.75
1192 288 0.25
1193 10 0.75
1194 10 0.25
1195 191 0.75
1196 191 0.25
1197 192 0.75
1198 192 0.25
1199 193 0.75
1200 193 0.25
1201 194 0.75
1202 194 0.25
1203 41 0.75
1204 41 0.25
1205 52 0.75
1206 52 0.25
1207 10 0.942857
1208 10 0.0571429
1209 191 0.954545
1210 191 0.0454545
1211 192 0.88806
1212 192 0.11194
1213 193 0.919626
1214 193 0.0803738
1215 194 0.798951
1216 194 0.201049
1217 41 0.784536
1218 41 0.215464
1219 52 0.821672
1220 52 0.178328
1221 10 0.75
1222 10 0.25
1223 191 0.75
1224 191 0.25
1225 192 0.738095
1226 192 0.261905
1227 193 0.75
1228 193 0.25
1229 194 0.6
1230 194 0.4
1231 41 0.444444
1232 41 0.555556
1233 52 0.423077
1234 52 0.576923
1235 10 0.75
1236 10 0.25
1237 191 0.75
1238 191 0.25
1239 192 0.75
1240 192 0.25
1241 193 0.75
1242 193 0.25
1243 194 0.75
1244 194 0.25
1245 41 0.75
1246 41 0.25
1247 52 0.75
1248 52 0.25
1249 11 0.6875
1250 11 0.3125
1251 11 0.75
1252 11 0.25
1253 81 0.75
1254 81 0.25
1255 129 0.75
1256 129 0.25
1257 162 0.714286
1258 162 0.285714
1259 163 0.75
1260 163 0.25
1261 172 0.75
1262 172 0.25
1263 256 0.75
1264 256 0.25
1265 11 0.75
1266 11 0.25
1267 81 0.75
1268 81 0.25
1269 129 0.75
1270 129 0.25
1271 162 0.01
1272 162 0.990001
1273 163 0.75
1274 163 0.25
1275 172 0.75
1276 172 0.25
1277 173 0.75
1278 173 0.25
1279 11 0.75
1280 11 0.25
1281 11 0.75
1282 11 0.25
1283 81 0.75
1284 81 0.25
1285 129 0.75
1286 129 0.25
1287 162 0.75
1288 162 0.25
1289 163 0.75
1290 163 0.25
1291 172 0.75
1292 172 0.25
1293 256 0.75
1294 256 0.25
1295 11 0.75
1296 11 0.25
1297 81 0.75
1298 81 0.25
1299 129 0.75
1300 129 0.25
1301 162 0.75
1302 162 0.25
1303 163 0.75
1304 163 0.25
1305 172 0.75
1306 172 0.25
1307 173 0.75
1308 173 0.25
1309 11 0.744235
1310 11 0.255765
1311 11 0.01
1312 11 0.990001
1313 81 0.01
1314 81 0.990001
1315 129 0.939394
1316 129 0.0606061
1317 162 0.72973
1318 162 0.27027
1319 163 0.933333
1320 163 0.0666667
1321 172 0.878788
1322 172 0.121212
1323 256 0.767442
1324 256 0.232558
1325 11 0.909091
1326 11 0.0909091
1327 81 0.866667
1328 81 0.133333
1329 129 0.75
1330 129 0.25
1331 162 0.01
1332 162 0.990001
1333 163 0.75
1334 163 0.25
1335 172 0.01
1336 172 0.990001
1337 173 0.702703
1338 173 0.297297
1339 11 0.75
1340 11 0.25
1341 11 0.75
1342 11 0.25
1343 81 0.75
1344 81 0.25
1345 129 0.75
1346 129 0.25
1347 162 0.75
1348 162 0.25
1349 163 0.75
1350 163 0.25
1351 172 0.75
1352 172 0.25
1353 256 0.75
1354 256 0.25
1355 11 0.75
1356 11 0.25
1357 81 0.75
1358 81 0.25
1359 129 0.75
1360 129 0.25
1361 162 0.75
1362 162 0.25
1363 163 0.75
1364 163 0.25
1365 172 0.75
1366 172 0.25
1367 173 0.75
1368 173 0.25
1369 12 0.75
1370 12 0.25
1371 289 0.6875
1372 289 0.3125
1373 325 0.75
1374 325 0.25
1375 12 0.75
1376 12 0.25
1377 289 0.01
1378 289 0.990001
1379 325 0.75
1380 325 0.25
1381 12 0.75
1382 12 0.25
1383 289 0.01
1384 289 0.990001
1385 325 0.75
1386 325 0.25
1387 12 0.75
1388 12 0.25
1389 289 0.75
1390 289 0.25
1391 325 0.75
1392 325 0.25
1393 12 0.75
1394 12 0.25
1395 289 0.75
1396 289 0.25
1397 325 0.75
1398 325 0.25
1399 12 0.75
1400 12 0.25
1401 289 0.75
1402 289 0.25
1403 325 0.75
1404 325 0.25
1405 12 0.75
1406 12 0.25
1407 289 0.75
1408 289 0.25
1409 325 0.75
1410 325 0.25
1411 12 0.933333
1412 12 0.0666667
1413 289 0.75
1414 289 0.25
1415 325 0.75
1416 325 0.25
1417 12 0.75
1418 12 0.25
1419 289 0.75
1420 289 0.25
1421 325 0.857143
1422 325 0.142857
1423 12 0.75
1424 12 0.25
1425 289 0.75
1426 289 0.25
1427 325 0.75
1428 325 0.25
1429 12 0.75
1430 12 0.25
1431 289 0.75
1432 289 0.25
1433 325 0.75
1434 325 0.25
1435 12 0.75
1436 12 0.25
1437 289 0.75
1438 289 0.25
1439 325 0.75
1440 325 0.25
1441 13 0.75
1442 13 0.25
1443 103 0.748634
1444 103 0.251366
1445 237 0.75
1446 237 0.25
1447 242 0.75
1448 242 0.25
1449 275 0.75
1450 275 0.25
1451 295 0.75
1452 295 0.25
1453 124 0.75
1454 124 0.25
1455 268 0.566038
1456 268 0.433962
1457 48 0.375
1458 48 0.625
1459 104 0.217391
1460 104 0.782609
1461 332 0.75
1462 332 0.25
1463 13 0.947368
1464 13 0.0526316
1465 103 0.75
1466 103 0.25
1467 154 0.884615
1468 154 0.115385
1469 237 0.849558
1470 237 0.150442
1471 242 0.909091
1472 242 0.0909091
1473 275 0.84375
1474 275 0.15625
1475 295 0.721311
1476 295 0.278689
1477 58 0.856401
1478 58 0.143599
1479 48 0.75
1480 48 0.25
1481 104 0.75
1482 104 0.25
1483 332 0.804245
1484 332 0.195755
1485 13 0.75
1486 13 0.25
1487 103 0.456897
1488 103 0.543103
1489 237 0.555556
1490 237 0.444444
1491 242 0.75
1492 242 0.25
1493 275 0.77193
1494 275 0.22807
1495 295 0.569343
1496 295 0.430657
1497 124 0.631336
1498 124 0.368664
1499 268 0.543478
1500 268 0.456522
1501 48 0.726708
1502 48 0.273292
1503 104 0.486957
1504 104 0.513043
1505 332 0.75
1506 332 0.25
1507 13 0.75
1508 13 0.25
1509 103 0.75
1510 103 0.25
1511 237 0.75
1512 237 0.25
1513 242 0.75
1514 242 0.25
1515 275 0.75
1516 275 0.25
1517 295 0.75
1518 295 0.25
1519 124 0.75
1520 124 0.25
1521 268 0.75
1522 268 0.25
1523 48 0.75
1524 48 0.25
1525 104 0.75
1526 104 0.25
1527 332 0.75
1528 332 0.25
1529 14 0.916667
1530 14 0.0833333
1531 210 0.75
1532 210 0.25
1533 245 0.88
1534 245 0.12
1535 113 0.971429
1536 113 0.0285714
1537 118 0.75
1538 118 0.25
1539 156 0.75
1540 156 0.25
1541 177 0.75
1542 177 0.25
1543 243 0.75
1544 243 0.25
1545 244 0.7
1546 244 0.3
1547 113 0.75
1548 113 0.25
1549 243 0.75
1550 243 0.25
1551 14 0.75
1552 14 0.25
1553 210 0.75
1554 210 0.25
1555 245 0.923077
1556 245 0.0769231
1557 113 0.75
1558 113 0.25
1559 118 0.75
1560 118 0.25
1561 156 0.75
1562 156 0.25
1563 177 0.75
1564 177 0.25
1565 243 0.75
1566 243 0.25
1567 244 0.75
1568 244 0.25
1569 113 0.75
1570 113 0.25
1571 149 0.914286
1572 149 0.0857143
1573 243 0.75
1574 243 0.25
1575 14 0.75
1576 14 0.25
1577 210 0.933333
1578 210 0.0666667
1579 245 0.753165
1580 245 0.246835
1581 113 0.75
1582 113 0.25
1583 118 0.941176
1584 118 0.0588235
1585 156 0.857143
1586 156 0.142857
1587 177 0.961538
1588 177 0.0384615
1589 243 0.75
1590 243 0.25
1591 244 0.821053
1592 244 0.178947
1593 113 0.75
1594 113 0.25
1595 243 0.757396
1596 243 0.242604
1597 14 0.75
1598 14 0.25
1599 210 0.75
1600 210 0.25
1601 245 0.75
1602 245 0.25
1603 113 0.75
1604 113 0.25
1605 118 0.75
1606 118 0.25
1607 156 0.75
1608 156 0.25
1609 177 0.75
1610 177 0.25
1611 243 0.75
1612 243 0.25
1613 244 0.75
1614 244 0.25
1615 113 0.75
1616 113 0.25
1617 243 0.75
1618 243 0.25
1619 15 0.774194
1620 15 0.225806
1621 71 0.805556
1622 71 0.194444
1623 84 0.75
1624 84 0.25
1625 317 0.588235
1626 317 0.411765
1627 15 0.75
1628 15 0.25
1629 71 0.75
1630 71 0.25
1631 84 0.75
1632 84 0.25
1633 317 0.75
1634 317 0.25
1635 15 0.805263
1636 15 0.194737
1637 71 0.746575
1638 71 0.253425
1639 84 0.953488
1640 84 0.0465116
1641 317 0.763514
1642 317 0.236486
1643 15 0.75
1644 15 0.25
1645 71 0.75
1646 71 0.25
1647 84 0.75
1648 84 0.25
1649 317 0.75
1650 317 0.25
1651 16 0.434146
1652 16 0.565854
1653 140 0.75
1654 140 0.25
1655 292 0.75
1656 292 0.25
1657 62 0.728346
1658 62 0.271654
1659 130 0.740741
1660 130 0.259259
1661 147 0.76
1662 147 0.24
1663 50 0.75
1664 50 0.25
1665 72 0.629032
1666 72 0.370968
1667 161 0.75
1668 161 0.25
1669 187 0.447059
1670 187 0.552941
1671 16 0.75
1672 16 0.25
1673 140 0.75
1674 140 0.25
1675 292 0.47619
1676 292 0.52381
1677 62 0.75
1678 62 0.25
1679 130 0.75
1680 130 0.25
1681 147 0.0833333
1682 147 0.916667
1683 50 0.75
1684 50 0.25
1685 72 0.75
1686 72 0.25
1687 161 0.214286
1688 161 0.785714
1689 187 0.75
1690 187 0.25
1691 16 0.75
1692 16 0.25
1693 140 0.754789
1694 140 0.245211
1695 292 0.77116
1696 292 0.22884
1697 62 0.671053
1698 62 0.328947
1699 130 0.755102
1700 130 0.244898
1701 147 0.450549
1702 147 0.549451
1703 50 0.889401
1704 50 0.110599
1705 72 0.519231
1706 72 0.480769
1707 161 0.40678
1708 161 0.59322
1709 187 0.357143
1710 187 0.642857
1711 16 0.75
1712 16 0.25
1713 140 0.75
1714 140 0.25
1715 292 0.75
1716 292 0.25
1717 62 0.75
1718 62 0.25
1719 130 0.75
1720 130 0.25
1721 147 0.75
1722 147 0.25
1723 50 0.75
1724 50 0.25
1725 72 0.75
1726 72 0.25
1727 161 0.75
1728 161 0.25
1729 187 0.75
1730 187 0.25
1731 120 0.75
1732 120 0.25
1733 152 0.75
1734 152 0.25
1735 66 0.75
1736 66 0.25
1737 101 0.333333
1738 101 0.666667
1739 101 0.2
1740 101 0.8
1741 145 0.75
1742 145 0.25
1743 120 0.933333
1744 120 0.0666667
1745 152 0.679803
1746 152 0.320197
1747 66 0.719149
1748 66 0.280851
1749 101 0.75
1750 101 0.25
1751 101 0.75
1752 101 0.25
1753 145 0.687204
1754 145 0.312796
1755 17 0.902439
1756 17 0.097561
1757 176 0.843373
1758 176 0.156627
1759 217 0.808511
1760 217 0.191489
1761 290 0.640777
1762 290 0.359223
1763 304 0.84375
1764 304 0.15625
1765 66 0.444444
1766 66 0.555556
1767 101 0.01
1768 101 0.990001
1769 101 0.637931
1770 101 0.362069
1771 145 0.705882
1772 145 0.294118
1773 120 0.75
1774 120 0.25
1775 152 0.75
1776 152 0.25
1777 66 0.75
1778 66 0.25
1779 101 0.75
1780 101 0.25
1781 101 0.75
1782 101 0.25
1783 145 0.75
1784 145 0.25
1785 97 0.75
1786 97 0.25
1787 198 0.75
1788 198 0.25
1789 199 0.75
1790 199 0.25
1791 331 0.75
1792 331 0.25
1793 97 0.75
1794 97 0.25
1795 198 0.75
1796 198 0.25
1797 199 0.75
1798 199 0.25
1799 331 0.75
1800 331 0.25
1801 97 0.75
1802 97 0.25
1803 198 0.75
1804 198 0.25
1805 199 0.75
1806 199 0.25
1807 331 0.75
1808 331 0.25
1809 18 0.01
1810 18 0.990001
1811 18 0.01
1812 18 0.990001
1813 18 0.845161
1814 18 0.154839
1815 97 0.01
1816 97 0.990001
1817 198 0.01
1818 198 0.990001
1819 199 0.75
1820 199 0.25
1821 331 0.75
1822 331 0.25
1823 97 0.9
1824 97 0.1
1825 198 0.01
1826 198 0.990001
1827 199 0.909091
1828 199 0.0909091
1829 331 0.941176
1830 331 0.0588235
1831 97 0.01
1832 97 0.990001
1833 198 0.734694
1834 198 0.265306
1835 199 0.75
1836 199 0.25
1837 331 0.75
1838 331 0.25
1839 97 0.75
1840 97 0.25
1841 198 0.75
1842 198 0.25
1843 199 0.75
1844 199 0.25
1845 331 0.75
1846 331 0.25
1847 97 0.75
1848 97 0.25
1849 198 0.75
1850 198 0.25
1851 199 0.75
1852 199 0.25
1853 331 0.75
1854 331 0.25
1855 97 0.75
1856 97 0.25
1857 198 0.75
1858 198 0.25
1859 199 0.75
1860 199 0.25
1861 331 0.75
1862 331 0.25
1863 49 0.75
1864 49 0.25
1865 174 0.75
1866 174 0.25
1867 248 0.01
1868 248 0.990001
1869 40 0.791667
1870 40 0.208333
1871 61 0.75
1872 61 0.25
1873 248 0.578231
1874 248 0.421769
1875 267 0.75
1876 267 0.25
1877 272 0.75
1878 272 0.25
1879 67 0.645161
1880 67 0.354839
1881 294 0.75
1882 294 0.25
1883 49 0.757282
1884 49 0.242718
1885 174 0.754224
1886 174 0.245776
1887 248 0.75
1888 248 0.25
1889 40 0.75
1890 40 0.25
1891 46 0.812734
1892 46 0.187266
1893 115 0.756839
1894 115 0.243161
1895 248 0.75
1896 248 0.25
1897 19 0.839744
1898 19 0.160256
1899 284 0.893262
1900 284 0.106738
1901 49 0.75
1902 49 0.25
1903 174 0.515528
1904 174 0.484472
1905 248 0.75
1906 248 0.25
1907 40 0.785714
1908 40 0.214286
1909 61 0.9
1910 61 0.1
1911 248 0.75
1912 248 0.25
1913 267 0.851351
1914 267 0.148649
1915 272 0.705882
1916 272 0.294118
1917 67 0.680556
1918 67 0.319444
1919 294 0.52459
1920 294 0.47541
1921 49 0.75
1922 49 0.25
1923 174 0.75
1924 174 0.25
1925 248 0.75
1926 248 0.25
1927 40 0.75
1928 40 0.25
1929 61 0.75
1930 61 0.25
1931 248 0.75
1932 248 0.25
1933 267 0.75
1934 267 0.25
1935 272 0.75
1936 272 0.25
1937 67 0.75
1938 67 0.25
1939 294 0.75
1940 294 0.25
1941 20 0.75
1942 20 0.25
1943 92 0.75
1944 92 0.25
1945 150 0.75
1946 150 0.25
1947 328 0.75
1948 328 0.25
1949 64 0.75
1950 64 0.25
1951 139 0.75
1952 139 0.25
1953 231 0.75
1954 231 0.25
1955 252 0.75
1956 252 0.25
1957 321 0.75
1958 321 0.25
1959 64 0.75
1960 64 0.25
1961 131 0.75
1962 131 0.25
1963 190 0.75
1964 190 0.25
1965 20 0.75
1966 20 0.25
1967 92 0.659091
1968 92 0.340909
1969 150 0.910448
1970 150 0.0895522
1971 328 0.584416
1972 328 0.415584
1973 64 0.75
1974 64 0.25
1975 139 0.75
1976 139 0.25
1977 231 0.75
1978 231 0.25
1979 252 0.649007
1980 252 0.350993
1981 321 0.75
1982 321 0.25
1983 64 0.75
1984 64 0.25
1985 131 0.798479
1986 131 0.201521
1987 190 0.75
1988 190 0.25
1989 20 0.901163
1990 20 0.0988372
1991 92 0.709677
1992 92 0.290323
1993 150 0.916667
1994 150 0.0833333
1995 328 0.740741
1996 328 0.259259
1997 64 0.666667
1998 64 0.333333
1999 139 0.892405
2000 139 0.107595
2001 231 0.904762
2002 231 0.0952381
2003 252 0.75
2004 252 0.25
2005 321 0.710145
2006 321 0.289855
2007 64 0.01
2008 64 0.990001
2009 131 0.666667
2010 131 0.333333
2011 190 0.572222
2012 190 0.427778
2013 20 0.75
2014 20 0.25
2015 92 0.75
2016 92 0.25
2017 150 0.75
2018 150 0.25
2019 328 0.75
2020 328 0.25
2021 64 0.75
2022 64 0.25
2023 139 0.75
2024 139 0.25
2025 231 0.75
2026 231 0.25
2027 252 0.75
2028 252 0.25
2029 321 0.75
2030 321 0.25
2031 64 0.75
2032 64 0.25
2033 131 0.75
2034 131 0.25
2035 190 0.75
2036 190 0.25
2037 21 0.818182
2038 21 0.181818
2039 59 0.75
2040 59 0.25
2041 167 0.75
2042 167 0.25
2043 229 0.804
2044 229 0.196
2045 146 0.66242
2046 146 0.33758
2047 261 0.75
2048 261 0.25
2049 276 0.75
2050 276 0.25
2051 335 0.75
2052 335 0.25
2053 63 0.75
2054 63 0.25
2055 146 0.01
2056 146 0.990001
2057 21 0.75
2058 21 0.25
2059 59 0.75
2060 59 0.25
2061 167 0.75
2062 167 0.25
2063 229 0.75
2064 229 0.25
2065 146 0.75
2066 146 0.25
2067 261 0.75
2068 261 0.25
2069 276 0.75
2070 276 0.25
2071 335 0.75
2072 335 0.25
2073 63 0.75
2074 63 0.25
2075 146 0.75
2076 146 0.25
2077 21 0.75
2078 21 0.25
2079 59 0.909091
2080 59 0.0909091
2081 167 0.552
2082 167 0.448
2083 229 0.75
2084 229 0.25
2085 146 0.75
2086 146 0.25
2087 261 0.857143
2088 261 0.142857
2089 276 0.919355
2090 276 0.0806452
2091 335 0.864516
2092 335 0.135484
2093 63 0.792727
2094 63 0.207273
2095 146 0.75
2096 146 0.25
2097 21 0.75
2098 21 0.25
2099 59 0.75
2100 59 0.25
2101 167 0.75
2102 167 0.25
2103 229 0.75
2104 229 0.25
2105 146 0.75
2106 146 0.25
2107 261 0.75
2108 261 0.25
2109 276 0.75
2110 276 0.25
2111 335 0.75
2112 335 0.25
2113 63 0.75
2114 63 0.25
2115 146 0.75
2116 146 0.25
2117 22 0.75
2118 22 0.25
2119 333 0.75
2120 333 0.25
2121 68 0.75
2122 68 0.25
2123 80 0.75
2124 80 0.25
2125 22 0.75
2126 22 0.25
2127 333 0.75
2128 333 0.25
2129 68 0.75
2130 68 0.25
2131 80 0.75
2132 80 0.25
2133 22 0.84375
2134 22 0.15625
2135 333 0.863492
2136 333 0.136508
2137 68 0.778802
2138 68 0.221198
2139 80 0.824818
2140 80 0.175182
2141 22 0.75
2142 22 0.25
2143 333 0.75
2144 333 0.25
2145 68 0.75
2146 68 0.25
2147 80 0.75
2148 80 0.25
2149 23 0.75
2150 23 0.25
2151 107 0.75
2152 107 0.25
2153 220 0.891892
2154 220 0.108108
2155 281 0.75
2156 281 0.25
2157 23 0.75
2158 23 0.25
2159 107 0.75
2160 107 0.25
2161 119 0.75
2162 119 0.25
2163 220 0.75
2164 220 0.25
2165 281 0.75
2166 281 0.25
2167 23 0.75
2168 23 0.25
2169 107 0.75
2170 107 0.25
2171 119 0.75
2172 119 0.25
2173 220 0.75
2174 220 0.25
2175 281 0.75
2176 281 0.25
2177 293 0.96
2178 293 0.04
2179 23 0.75
2180 23 0.25
2181 107 0.75
2182 107 0.25
2183 220 0.75
2184 220 0.25
2185 281 0.75
2186 281 0.25
2187 23 0.75
2188 23 0.25
2189 107 0.75
2190 107 0.25
2191 119 0.75
2192 119 0.25
2193 220 0.75
2194 220 0.25
2195 281 0.75
2196 281 0.25
2197 23 0.75
2198 23 0.25
2199 107 0.75
2200 107 0.25
2201 119 0.75
2202 119 0.25
2203 220 0.75
2204 220 0.25
2205 281 0.75
2206 281 0.25
2207 293 0.75
2208 293 0.25
2209 23 0.75
2210 23 0.25
2211 107 0.888889
2212 107 0.111111
2213 220 0.75
2214 220 0.25
2215 281 0.78481
2216 281 0.21519
2217 23 0.888889
2218 23 0.111111
2219 107 0.75
2220 107 0.25
2221 119 0.862069
2222 119 0.137931
2223 220 0.75
2224 220 0.25
2225 281 0.01
2226 281 0.990001
2227 23 0.75
2228 23 0.25
2229 107 0.75
2230 107 0.25
2231 119 0.01
2232 119 0.990001
2233 220 0.75
2234 220 0.25
2235 281 0.01
2236 281 0.990001
2237 293 0.75
2238 293 0.25
2239 23 0.75
2240 23 0.25
2241 107 0.75
2242 107 0.25
2243 220 0.75
2244 220 0.25
2245 281 0.75
2246 281 0.25
2247 23 0.75
2248 23 0.25
2249 107 0.75
2250 107 0.25
2251 119 0.75
2252 119 0.25
2253 220 0.75
2254 220 0.25
2255 281 0.75
2256 281 0.25
2257 23 0.75
2258 23 0.25
2259 107 0.75
2260 107 0.25
2261 119 0.75
2262 119 0.25
2263 220 0.75
2264 220 0.25
2265 281 0.75
2266 281 0.25
2267 293 0.75
2268 293 0.25
2269 24 0.75
2270 24 0.25
2271 270 0.75
2272 270 0.25
2273 99 0.75
2274 99 0.25
2275 135 0.75
2276 135 0.25
2277 136 0.75
2278 136 0.25
2279 203 0.75
2280 203 0.25
2281 310 0.75
2282 310 0.25
2283 334 0.75
2284 334 0.25
2285 99 0.75
2286 99 0.25
2287 135 0.75
2288 135 0.25
2289 136 0.75
2290 136 0.25
2291 203 0.75
2292 203 0.25
2293 310 0.75
2294 310 0.25
2295 334 0.75
2296 334 0.25
2297 24 0.75
2298 24 0.25
2299 270 0.75
2300 270 0.25
2301 99 0.75
2302 99 0.25
2303 135 0.75
2304 135 0.25
2305 136 0.75
2306 136 0.25
2307 203 0.75
2308 203 0.25
2309 310 0.75
2310 310 0.25
2311 334 0.75
2312 334 0.25
2313 99 0.75
2314 99 0.25
2315 135 0.75
2316 135 0.25
2317 136 0.75
2318 136 0.25
2319 203 0.75
2320 203 0.25
2321 310 0.809524
2322 310 0.190476
2323 334 0.75
2324 334 0.25
2325 24 0.861111
2326 24 0.138889
2327 270 0.73399
2328 270 0.26601
2329 99 0.761905
2330 99 0.238095
2331 135 0.9375
2332 135 0.0625
2333 136 0.930233
2334 136 0.0697674
2335 203 0.828947
2336 203 0.171053
2337 310 0.888889
2338 310 0.111111
2339 334 0.894737
2340 334 0.105263
2341 99 0.01
2342 99 0.990001
2343 135 0.75
2344 135 0.25
2345 136 0.75
2346 136 0.25
2347 203 0.01
2348 203 0.990001
2349 310 0.01
2350 310 0.990001
2351 334 0.01
2352 334 0.990001
2353 24 0.75
2354 24 0.25
2355 270 0.75
2356 270 0.25
2357 99 0.75
2358 99 0.25
2359 135 0.75
2360 135 0.25
2361 136 0.75
2362 136 0.25
2363 203 0.75
2364 203 0.25
2365 310 0.75
2366 310 0.25
2367 334 0.75
2368 334 0.25
2369 99 0.75
2370 99 0.25
2371 135 0.75
2372 135 0.25
2373 136 0.75
2374 136 0.25
2375 203 0.75
2376 203 0.25
2377 310 0.75
2378 310 0.25
2379 334 0.75
2380 334 0.25
2381 25 0.757895
2382 25 0.242105
2383 86 0.801724
2384 86 0.198276
2385 201 0.783019
2386 201 0.216981
2387 25 0.75
2388 25 0.25
2389 86 0.75
2390 86 0.25
2391 201 0.75
2392 201 0.25
2393 25 0.52
2394 25 0.48
2395 86 0.59322
2396 86 0.40678
2397 201 0.771429
2398 201 0.228571
2399 25 0.75
2400 25 0.25
2401 86 0.75
2402 86 0.25
2403 201 0.75
2404 201 0.25
2405 26 0.761905
2406 26 0.238095
2407 94 0.947368
2408 94 0.0526316
2409 112 0.75
2410 112 0.25
2411 209 0.75
2412 209 0.25
2413 277 0.75
2414 277 0.25
2415 329 0.75
2416 329 0.25
2417 330 0.851852
2418 330 0.148148
2419 112 0.807692
2420 112 0.192308
2421 26 0.75
2422 26 0.25
2423 94 0.75
2424 94 0.25
2425 112 0.75
2426 112 0.25
2427 209 0.75
2428 209 0.25
2429 277 0.75
2430 277 0.25
2431 329 0.75
2432 329 0.25
2433 330 0.75
2434 330 0.25
2435 112 0.75
2436 112 0.25
2437 26 0.732877
2438 26 0.267123
2439 94 0.75
2440 94 0.25
2441 112 0.88
2442 112 0.12
2443 209 0.95
2444 209 0.05
2445 277 0.923077
2446 277 0.0769231
2447 329 0.875
2448 329 0.125
2449 330 0.857778
2450 330 0.142222
2451 112 0.734694
2452 112 0.265306
2453 26 0.75
2454 26 0.25
2455 94 0.75
2456 94 0.25
2457 112 0.75
2458 112 0.25
2459 209 0.75
2460 209 0.25
2461 277 0.75
2462 277 0.25
2463 329 0.75
2464 329 0.25
2465 330 0.75
2466 330 0.25
2467 112 0.75
2468 112 0.25
2469 27 0.56
2470 27 0.44
2471 110 0.75
2472 110 0.25
2473 327 0.451613
2474 327 0.548387
2475 51 0.453901
2476 51 0.546099
2477 225 0.387387
2478 225 0.612613
2479 96 0.607143
2480 96 0.392857
2481 121 0.505618
2482 121 0.494382
2483 225 0.01
2484 225 0.990001
2485 27 0.75
2486 27 0.25
2487 110 0.4
2488 110 0.6
2489 327 0.75
2490 327 0.25
2491 51 0.75
2492 51 0.25
2493 225 0.01
2494 225 0.990001
2495 96 0.75
2496 96 0.25
2497 121 0.75
2498 121 0.25
2499 225 0.01
2500 225 0.990001
2501 27 0.75
2502 27 0.25
2503 110 0.809045
2504 110 0.190955
2505 327 0.75
2506 327 0.25
2507 51 0.307692
2508 51 0.692308
2509 225 0.02
2510 225 0.98
2511 96 0.614286
2512 96 0.385714
2513 121 0.5
2514 121 0.5
2515 225 0.470588
2516 225 0.529412
2517 27 0.75
2518 27 0.25
2519 110 0.75
2520 110 0.25
2521 327 0.75
2522 327 0.25
2523 51 0.75
2524 51 0.25
2525 225 0.75
2526 225 0.25
2527 96 0.75
2528 96 0.25
2529 121 0.75
2530 121 0.25
2531 225 0.75
2532 225 0.25
2533 302 0.01
2534 302 0.990001
2535 302 0.75
2536 302 0.25
2537 87 0.75
2538 87 0.25
2539 160 0.758621
2540 160 0.241379
2541 301 0.75
2542 301 0.25
2543 302 0.75
2544 302 0.25
2545 302 0.01
2546 302 0.990001
2547 302 0.01
2548 302 0.990001
2549 87 0.75
2550 87 0.25
2551 160 0.75
2552 160 0.25
2553 301 0.75
2554 301 0.25
2555 302 0.76875
2556 302 0.23125
2557 28 0.678414
2558 28 0.321586
2559 125 0.501706
2560 125 0.498294
2561 87 0.875
2562 87 0.125
2563 160 0.646575
2564 160 0.353425
2565 301 0.826667
2566 301 0.173333
2567 302 0.75
2568 302 0.25
2569 302 0.75
2570 302 0.25
2571 302 0.75
2572 302 0.25
2573 87 0.75
2574 87 0.25
2575 160 0.75
2576 160 0.25
2577 301 0.75
2578 301 0.25
2579 302 0.75
2580 302 0.25
2581 29 0.75
2582 29 0.25
2583 204 0.75
2584 204 0.25
2585 90 0.75
2586 90 0.25
2587 188 0.75
2588 188 0.25
2589 250 0.75
2590 250 0.25
2591 251 0.75
2592 251 0.25
2593 316 0.75
2594 316 0.25
2595 90 0.75
2596 90 0.25
2597 188 0.75
2598 188 0.25
2599 250 0.75
2600 250 0.25
2601 251 0.75
2602 251 0.25
2603 316 0.75
2604 316 0.25
2605 29 0.75
2606 29 0.25
2607 204 0.75
2608 204 0.25
2609 90 0.75
2610 90 0.25
2611 188 0.75
2612 188 0.25
2613 250 0.75
2614 250 0.25
2615 251 0.75
2616 251 0.25
2617 316 0.75
2618 316 0.25
2619 90 0.75
2620 90 0.25
2621 188 0.75
2622 188 0.25
2623 250 0.75
2624 250 0.25
2625 251 0.75
2626 251 0.25
2627 316 0.75
2628 316 0.25
2629 29 0.861789
2630 29 0.138211
2631 204 0.65
2632 204 0.35
2633 90 0.92
2634 90 0.08
2635 188 0.75
2636 188 0.25
2637 250 0.01
2638 250 0.990001
2639 251 0.894737
2640 251 0.105263
2641 316 0.01
2642 316 0.990001
2643 90 0.75
2644 90 0.25
2645 188 0.875
2646 188 0.125
2647 250 0.863636
2648 250 0.136364
2649 251 0.01
2650 251 0.990001
2651 316 0.754513
2652 316 0.245487
2653 29 0.75
2654 29 0.25
2655 204 0.75
2656 204 0.25
2657 90 0.75
2658 90 0.25
2659 188 0.75
2660 188 0.25
2661 250 0.75
2662 250 0.25
2663 251 0.75
2664 251 0.25
2665 316 0.75
2666 316 0.25
2667 90 0.75
2668 90 0.25
2669 188 0.75
2670 188 0.25
2671 250 0.75
2672 250 0.25
2673 251 0.75
2674 251 0.25
2675 316 0.75
2676 316 0.25
2677 30 0.873668
2678 30 0.126332
2679 111 0.75
2680 111 0.25
2681 45 0.61215
2682 45 0.38785
2683 70 0.75
2684 70 0.25
2685 216 0.7
2686 216 0.3
2687 326 0.471545
2688 326 0.528455
2689 30 0.75
2690 30 0.25
2691 111 0.928571
2692 111 0.0714286
2693 45 0.75
2694 45 0.25
2695 70 0.75
2696 70 0.25
2697 216 0.75
2698 216 0.25
2699 326 0.75
2700 326 0.25
2701 30 0.75
2702 30 0.25
2703 111 0.923288
2704 111 0.0767123
2705 45 0.636364
2706 45 0.363636
2707 70 0.782609
2708 70 0.217391
2709 216 0.56
2710 216 0.44
2711 326 0.478261
2712 326 0.521739
2713 30 0.75
2714 30 0.25
2715 111 0.75
2716 111 0.25
2717 45 0.75
2718 45 0.25
2719 70 0.75
2720 70 0.25
2721 216 0.75
2722 216 0.25
2723 326 0.75
2724 326 0.25
2725 31 0.555556
2726 31 0.444444
2727 31 0.555556
2728 31 0.444444
2729 83 0.8
2730 83 0.2
2731 31 0.952381
2732 31 0.047619
2733 31 0.75
2734 31 0.25
2735 83 0.75
2736 83 0.25
2737 31 0.892966
2738 31 0.107034
2739 31 0.01
2740 31 0.990001
2741 83 0.817708
2742 83 0.182292
2743 31 0.75
2744 31 0.25
2745 31 0.75
2746 31 0.25
2747 83 0.75
2748 83 0.25
2749 32 0.453901
2750 32 0.546099
2751 142 0.75
2752 142 0.25
2753 322 0.75
2754 322 0.25
2755 57 0.611111
2756 57 0.388889
2757 257 0.548387
2758 257 0.451613
2759 79 0.520548
2760 79 0.479452
2761 153 0.75
2762 153 0.25
2763 249 0.628319
2764 249 0.371681
2765 32 0.75
2766 32 0.25
2767 142 0.75
2768 142 0.25
2769 322 0.01
2770 322 0.990001
2771 57 0.75
2772 57 0.25
2773 257 0.333333
2774 257 0.666667
2775 79 0.75
2776 79 0.25
2777 153 0.75
2778 153 0.25
2779 249 0.01
2780 249 0.990001
2781 32 0.75
2782 32 0.25
2783 142 0.813333
2784 142 0.186667
2785 322 0.835714
2786 322 0.164286
2787 57 0.631579
2788 57 0.368421
2789 257 0.4
2790 257 0.6
2791 79 0.611111
2792 79 0.388889
2793 153 0.823529
2794 153 0.176471
2795 249 0.44
2796 249 0.56
2797 32 0.75
2798 32 0.25
2799 142 0.75
2800 142 0.25
2801 322 0.75
2802 322 0.25
2803 57 0.75
2804 57 0.25
2805 257 0.75
2806 257 0.25
2807 79 0.75
2808 79 0.25
2809 153 0.75
2810 153 0.25
2811 249 0.75
2812 249 0.25
2813 33 0.75
2814 33 0.25
2815 158 0.75
2816 158 0.25
2817 56 0.75
2818 56 0.25
2819 157 0.75
2820 157 0.25
2821 56 0.75
2822 56 0.25
2823 262 0.75
2824 262 0.25
2825 33 0.75
2826 33 0.25
2827 158 0.75
2828 158 0.25
2829 56 0.75
2830 56 0.25
2831 157 0.75
2832 157 0.25
2833 56 0.923077
2834 56 0.0769231
2835 262 0.75
2836 262 0.25
2837 33 0.892276
2838 33 0.107724
2839 158 0.793706
2840 158 0.206294
2841 56 0.727273
2842 56 0.272727
2843 157 0.717073
2844 157 0.282927
2845 56 0.01
2846 56 0.990001
2847 262 0.546875
2848 262 0.453125
2849 33 0.75
2850 33 0.25
2851 158 0.75
2852 158 0.25
2853 56 0.75
2854 56 0.25
2855 157 0.75
2856 157 0.25
2857 56 0.75
2858 56 0.25
2859 262 0.75
2860 262 0.25
2861 34 0.75
2862 34 0.25
2863 123 0.75
2864 123 0.25
2865 195 0.75
2866 195 0.25
2867 196 0.79646
2868 196 0.20354
2869 224 0.918367
2870 224 0.0816326
2871 287 0.75
2872 287 0.25
2873 34 0.75
2874 34 0.25
2875 123 0.75
2876 123 0.25
2877 195 0.75
2878 195 0.25
2879 196 0.01
2880 196 0.990001
2881 224 0.01
2882 224 0.990001
2883 287 0.75
2884 287 0.25
2885 91 0.75
2886 91 0.25
2887 279 0.75
2888 279 0.25
2889 303 0.635294
2890 303 0.364706
2891 34 0.75
2892 34 0.25
2893 123 0.75
2894 123 0.25
2895 195 0.75
2896 195 0.25
2897 196 0.75
2898 196 0.25
2899 224 0.75
2900 224 0.25
2901 287 0.75
2902 287 0.25
2903 34 0.75
2904 34 0.25
2905 123 0.75
2906 123 0.25
2907 195 0.75
2908 195 0.25
2909 196 0.75
2910 196 0.25
2911 224 0.75
2912 224 0.25
2913 287 0.75
2914 287 0.25
2915 91 0.75
2916 91 0.25
2917 279 0.75
2918 279 0.25
2919 303 0.75
2920 303 0.25
2921 34 0.875
2922 34 0.125
2923 123 0.947368
2924 123 0.0526316
2925 195 0.855422
2926 195 0.144578
2927 196 0.751724
2928 196 0.248276
2929 224 0.772152
2930 224 0.227848
2931 287 0.644628
2932 287 0.355372
2933 34 0.75
2934 34 0.25
2935 123 0.75
2936 123 0.25
2937 195 0.01
2938 195 0.990001
2939 196 0.01
2940 196 0.990001
2941 224 0.01
2942 224 0.990001
2943 287 0.01
2944 287 0.990001
2945 91 0.761905
2946 91 0.238095
2947 279 0.757447
2948 279 0.242553
2949 303 0.505495
2950 303 0.494505
2951 34 0.75
2952 34 0.25
2953 123 0.75
2954 123 0.25
2955 195 0.75
2956 195 0.25
2957 196 0.75
2958 196 0.25
2959 224 0.75
2960 224 0.25
2961 287 0.75
2962 287 0.25
2963 34 0.75
2964 34 0.25
2965 123 0.75
2966 123 0.25
2967 195 0.75
2968 195 0.25
2969 196 0.75
2970 196 0.25
2971 224 0.75
2972 224 0.25
2973 287 0.75
2974 287 0.25
2975 91 0.75
2976 91 0.25
2977 279 0.75
2978 279 0.25
2979 303 0.75
2980 303 0.25
2981 35 0.727273
2982 35 0.272727
2983 227 0.636364
2984 227 0.363636
2985 95 0.75
2986 95 0.25
2987 143 0.75
2988 143 0.25
2989 184 0.75
2990 184 0.25
2991 202 0.961538
2992 202 0.0384615
2993 323 0.810345
2994 323 0.189655
2995 324 0.75
2996 324 0.25
2997 35 0.75
2998 35 0.25
2999 227 0.75
3000 227 0.25
3001 95 0.75
3002 95 0.25
3003 143 0.75
3004 143 0.25
3005 184 0.75
3006 184 0.25
3007 202 0.75
3008 202 0.25
3009 323 0.75
3010 323 0.25
3011 324 0.75
3012 324 0.25
3013 35 0.532468
3014 35 0.467532
3015 227 0.725191
3016 227 0.274809
3017 95 0.944444
3018 95 0.0555556
3019 143 0.96
3020 143 0.04
3021 184 0.962963
3022 184 0.037037
3023 202 0.75
3024 202 0.25
3025 323 0.87234
3026 323 0.12766
3027 324 0.928571
3028 324 0.0714286
3029 35 0.75
3030 35 0.25
3031 227 0.75
3032 227 0.25
3033 95 0.75
3034 95 0.25
3035 143 0.75
3036 143 0.25
3037 184 0.75
3038 184 0.25
3039 202 0.75
3040 202 0.25
3041 323 0.75
3042 323 0.25
3043 324 0.75
3044 324 0.25
3045 36 0.01
3046 36 0.990001
3047 74 0.75
3048 74 0.25
3049 137 0.75
3050 137 0.25
3051 141 0.75
3052 141 0.25
3053 159 0.01
3054 159 0.990001
3055 200 0.75
3056 200 0.25
3057 271 0.75
3058 271 0.25
3059 297 0.75
3060 297 0.25
3061 298 0.75
3062 298 0.25
3063 36 0.01
3064 36 0.990001
3065 137 0.75
3066 137 0.25
3067 141 0.75
3068 141 0.25
3069 155 0.75
3070 155 0.25
3071 159 0.01
3072 159 0.990001
3073 168 0.75
3074 168 0.25
3075 200 0.75
3076 200 0.25
3077 219 0.75
3078 219 0.25
3079 271 0.75
3080 271 0.25
3081 297 0.75
3082 297 0.25
3083 298 0.75
3084 298 0.25
3085 300 0.75
3086 300 0.25
3087 36 0.746667
3088 36 0.253333
3089 137 0.75
3090 137 0.25
3091 141 0.75
3092 141 0.25
3093 155 0.75
3094 155 0.25
3095 159 0.545455
3096 159 0.454545
3097 168 0.75
3098 168 0.25
3099 200 0.75
3100 200 0.25
3101 219 0.75
3102 219 0.25
3103 271 0.75
3104 271 0.25
3105 297 0.75
3106 297 0.25
3107 298 0.75
3108 298 0.25
3109 300 0.75
3110 300 0.25
3111 36 0.75
3112 36 0.25
3113 74 0.75
3114 74 0.25
3115 137 0.75
3116 137 0.25
3117 141 0.75
3118 141 0.25
3119 159 0.75
3120 159 0.25
3121 200 0.75
3122 200 0.25
3123 271 0.75
3124 271 0.25
3125 297 0.75
3126 297 0.25
3127 298 0.75
3128 298 0.25
3129 36 0.75
3130 36 0.25
3131 137 0.75
3132 137 0.25
3133 141 0.75
3134 141 0.25
3135 155 0.75
3136 155 0.25
3137 159 0.75
3138 159 0.25
3139 168 0.75
3140 168 0.25
3141 200 0.75
3142 200 0.25
3143 219 0.75
3144 219 0.25
3145 271 0.75
3146 271 0.25
3147 297 0.75
3148 297 0.25
3149 298 0.75
3150 298 0.25
3151 300 0.75
3152 300 0.25
3153 36 0.75
3154 36 0.25
3155 137 0.75
3156 137 0.25
3157 141 0.75
3158 141 0.25
3159 155 0.75
3160 155 0.25
3161 159 0.75
3162 159 0.25
3163 168 0.75
3164 168 0.25
3165 200 0.75
3166 200 0.25
3167 219 0.75
3168 219 0.25
3169 271 0.75
3170 271 0.25
3171 297 0.75
3172 297 0.25
3173 298 0.75
3174 298 0.25
3175 300 0.75
3176 300 0.25
3177 36 0.75
3178 36 0.25
3179 74 0.65625
3180 74 0.34375
3181 137 0.01
3182 137 0.990001
3183 141 0.75
3184 141 0.25
3185 159 0.75
3186 159 0.25
3187 200 0.75
3188 200 0.25
3189 271 0.01
3190 271 0.990001
3191 297 0.01
3192 297 0.990001
3193 298 0.785714
3194 298 0.214286
3195 36 0.75
3196 36 0.25
3197 137 0.9
3198 137 0.1
3199 141 0.964286
3200 141 0.0357143
3201 155 0.75
3202 155 0.25
3203 159 0.75
3204 159 0.25
3205 168 0.875
3206 168 0.125
3207 200 0.923077
3208 200 0.0769231
3209 219 0.873684
3210 219 0.126316
3211 271 0.697674
3212 271 0.302326
3213 297 0.883333
3214 297 0.116667
3215 298 0.933333
3216 298 0.0666667
3217 300 0.825
3218 300 0.175
3219 36 0.75
3220 36 0.25
3221 137 0.01
3222 137 0.990001
3223 141 0.75
3224 141 0.25
3225 155 0.933333
3226 155 0.0666667
3227 159 0.75
3228 159 0.25
3229 168 0.75
3230 168 0.25
3231 200 0.75
3232 200 0.25
3233 219 0.01
3234 219 0.990001
3235 271 0.01
3236 271 0.990001
3237 297 0.01
3238 297 0.990001
3239 298 0.75
3240 298 0.25
3241 300 0.01
3242 300 0.990001
3243 36 0.75
3244 36 0.25
3245 74 0.75
3246 74 0.25
3247 137 0.75
3248 137 0.25
3249 141 0.75
3250 141 0.25
3251 159 0.75
3252 159 0.25
3253 200 0.75
3254 200 0.25
3255 271 0.75
3256 271 0.25
3257 297 0.75
3258 297 0.25
3259 298 0.75
3260 298 0.25
3261 36 0.75
3262 36 0.25
3263 137 0.75
3264 137 0.25
3265 141 0.75
3266 141 0.25
3267 155 0.75
3268 155 0.25
3269 159 0.75
3270 159 0.25
3271 168 0.75
3272 168 0.25
3273 200 0.75
3274 200 0.25
3275 219 0.75
3276 219 0.25
3277 271 0.75
3278 271 0.25
3279 297 0.75
3280 297 0.25
3281 298 0.75
3282 298 0.25
3283 300 0.75
3284 300 0.25
3285 36 0.75
3286 36 0.25
3287 137 0.75
3288 137 0.25
3289 141 0.75
3290 141 0.25
3291 155 0.75
3292 155 0.25
3293 159 0.75
3294 159 0.25
3295 168 0.75
3296 168 0.25
3297 200 0.75
3298 200 0.25
3299 219 0.75
3300 219 0.25
3301 271 0.75
3302 271 0.25
3303 297 0.75
3304 297 0.25
3305 298 0.75
3306 298 0.25
3307 300 0.75
3308 300 0.25
3309 264 0.4
3310 264 0.6
3311 312 0.75
3312 312 0.25
3313 116 0.75
3314 116 0.25
3315 185 0.75
3316 185 0.25
3317 263 0.75
3318 263 0.25
3319 265 0.75
3320 265 0.25
3321 266 0.75
3322 266 0.25
3323 280 0.75
3324 280 0.25
3325 283 0.75
3326 283 0.25
3327 312 0.75
3328 312 0.25
3329 313 0.666667
3330 313 0.333333
3331 37 0.75
3332 37 0.25
3333 85 0.75
3334 85 0.25
3335 283 0.75
3336 283 0.25
3337 313 0.4
3338 313 0.6
3339 314 0.75
3340 314 0.25
3341 264 0.555556
3342 264 0.444444
3343 312 0.878788
3344 312 0.121212
3345 116 0.75
3346 116 0.25
3347 185 0.75
3348 185 0.25
3349 263 0.75
3350 263 0.25
3351 265 0.75
3352 265 0.25
3353 266 0.75
3354 266 0.25
3355 280 0.75
3356 280 0.25
3357 283 0.75
3358 283 0.25
3359 312 0.2
3360 312 0.8
3361 313 0.75
3362 313 0.25
3363 37 0.81982
3364 37 0.18018
3365 85 0.75
3366 85 0.25
3367 283 0.75
3368 283 0.25
3369 313 0.75
3370 313 0.25
3371 314 0.75
3372 314 0.25
3373 264 0.538462
3374 264 0.461538
3375 312 0.4375
3376 312 0.5625
3377 116 0.894737
3378 116 0.105263
3379 185 0.896552
3380 185 0.103448
3381 263 0.9
3382 263 0.1
3383 265 0.891892
3384 265 0.108108
3385 266 0.863636
3386 266 0.136364
3387 280 0.798995
3388 280 0.201005
3389 283 0.923077
3390 283 0.0769231
3391 312 0.744681
3392 312 0.255319
3393 313 0.01
3394 313 0.990001
3395 37 0.6
3396 37 0.4
3397 85 0.875
3398 85 0.125
3399 283 0.842105
3400 283 0.157895
3401 313 0.89404
3402 313 0.10596
3403 314 0.66
3404 314 0.34
3405 264 0.75
3406 264 0.25
3407 312 0.75
3408 312 0.25
3409 116 0.75
3410 116 0.25
3411 185 0.75
3412 185 0.25
3413 263 0.75
3414 263 0.25
3415 265 0.75
3416 265 0.25
3417 266 0.75
3418 266 0.25
3419 280 0.75
3420 280 0.25
3421 283 0.75
3422 283 0.25
3423 312 0.75
3424 312 0.25
3425 313 0.75
3426 313 0.25
3427 37 0.75
3428 37 0.25
3429 85 0.75
3430 85 0.25
3431 283 0.75
3432 283 0.25
3433 313 0.75
3434 313 0.25
3435 314 0.75
3436 314 0.25
3437 38 0.75
3438 38 0.25
3439 127 0.75
3440 127 0.25
3441 208 0.75
3442 208 0.25
3443 211 0.75
3444 211 0.25
3445 212 0.75
3446 212 0.25
3447 223 0.75
3448 223 0.25
3449 278 0.75
3450 278 0.25
3451 320 0.75
3452 320 0.25
3453 76 0.75
3454 76 0.25
3455 166 0.75
3456 166 0.25
3457 76 0.75
3458 76 0.25
3459 166 0.75
3460 166 0.25
3461 38 0.75
3462 38 0.25
3463 127 0.75
3464 127 0.25
3465 208 0.75
3466 208 0.25
3467 211 0.75
3468 211 0.25
3469 212 0.75
3470 212 0.25
3471 223 0.75
3472 223 0.25
3473 278 0.75
3474 278 0.25
3475 320 0.75
3476 320 0.25
3477 76 0.75
3478 76 0.25
3479 166 0.01
3480 166 0.990001
3481 76 0.75
3482 76 0.25
3483 166 0.897959
3484 166 0.102041
3485 38 0.946429
3486 38 0.0535714
3487 127 0.893939
3488 127 0.106061
3489 208 0.909091
3490 208 0.0909091
3491 211 0.956522
3492 211 0.0434783
3493 212 0.885714
3494 212 0.114286
3495 223 0.736842
3496 223 0.263158
3497 278 0.76699
3498 278 0.23301
3499 320 0.947368
3500 320 0.0526316
3501 76 0.941176
3502 76 0.0588235
3503 166 0.729358
3504 166 0.270642
3505 76 0.75
3506 76 0.25
3507 166 0.01
3508 166 0.990001
3509 38 0.75
3510 38 0.25
3511 127 0.75
3512 127 0.25
3513 208 0.75
3514 208 0.25
3515 211 0.75
3516 211 0.25
3517 212 0.75
3518 212 0.25
3519 223 0.75
3520 223 0.25
3521 278 0.75
3522 278 0.25
3523 320 0.75
3524 320 0.25
3525 76 0.75
3526 76 0.25
3527 166 0.75
3528 166 0.25
3529 76 0.75
3530 76 0.25
3531 166 0.75
3532 166 0.25
