76
88
90
89
89
2534
2536
2535
2535
2535
2535
2535
2535
2535
2535
2542
2541
1488
1500
1502
2738
2737
2737
2737
2737
2737
2737
2737
2737
2737
2737
2737
2737
2737
2740
2742
2741
2741
2741
2741
2741
1496
1495
1495
1498
1497
1497
1497
1497
1497
1502
1501
1501
1696
1695
1695
1695
1695
1695
1695
1695
1702
1708
1694
1693
1693
1693
1693
1693
1702
1701
1701
1701
1701
1704
1212
1211
1211
1211
1211
1211
1211
1211
1211
1211
1218
1220
76
73
73
73
73
73
73
73
88
90
89
89
89
89
89
2534
2536
2540
2438
2437
2437
2437
2442
2441
2441
2441
2441
2441
2441
2441
2441
2441
2441
2441
2441
2441
2452
2738
2737
2737
2737
2737
2737
2740
2742
2741
2741
2741
2741
2741
242
241
241
254
280
279
279
1886
1885
1885
1885
1885
1894
1893
1900
1899
1899
1899
1899
1899
1899
1899
76
88
87
87
90
89
89
104
103
103
103
103
103
103
116
115
115
115
115
142
830
844
846
845
845
845
845
845
845
845
845
845
1490
1489
1489
1498
1497
1497
1497
1504
1503
1503
1503
1503
1503
1310
1312
1326
1325
1325
230
254
280
279
279
1884
1883
1883
1883
1883
1892
1891
1891
1891
1891
1898
1897
4
16
15
18
76
73
88
90
